494.0	9504.0
496.0	3376.0
498.0	67584.0
504.0	72.0
492.0	240.0
480.0	492.0
486.0	33888.0
500.0	32832.0
490.0	12468.0
500.0	43728.0
498.0	320.0
488.0	1056.0
504.0	11520.0
498.0	40.0
486.0	96.0
498.0	66528.0
496.0	6976.0
498.0	128.0
492.0	48196.0
494.0	18528.0
486.0	78872.0
496.0	35098.0
492.0	756.0
506.0	224.0
510.0	768.0
480.0	1440.0
492.0	29540.0
482.0	7880.0
492.0	6720.0
490.0	23296.0
490.0	448.0
506.0	3440.0
486.0	3392.0
496.0	2624.0
484.0	154104.0
494.0	504.0
502.0	1344.0
488.0	349128.0
494.0	84.0
496.0	2304.0
498.0	208.0
500.0	600.0
492.0	6720.0
498.0	704.0
486.0	579136.0
494.0	336.0
492.0	217152.0
502.0	51264.0
494.0	107680.0
490.0	80.0
490.0	180544.0
490.0	1812.0
500.0	930.0
490.0	20040.0
484.0	200.0
492.0	98304.0
494.0	4376.0
494.0	1056.0
498.0	248.0
480.0	3168.0
496.0	2520.0
500.0	784.0
496.0	32304.0
504.0	2880.0
496.0	768.0
486.0	264.0
486.0	21120.0
490.0	38350.0
500.0	28224.0
512.0	648.0
492.0	144.0
478.0	77812.0
516.0	83892.0
504.0	1536.0
488.0	8.0
488.0	21504.0
490.0	26488.0
494.0	2160.0
498.0	1608.0
498.0	192.0
490.0	104256.0
492.0	48.0
494.0	117472.0
494.0	25332.0
482.0	960.0
500.0	952572.0
498.0	43296.0
490.0	4704.0
510.0	3520.0
490.0	2010.0
494.0	51216.0
492.0	2400.0
490.0	7392.0
500.0	272.0
498.0	69672.0
496.0	432.0
488.0	126716.0
492.0	12672.0
494.0	9600.0
488.0	6368.0
500.0	156.0
510.0	51136.0
494.0	352.0
496.0	97524.0
508.0	16.0
488.0	75520.0
496.0	384.0
486.0	50940.0
498.0	6336.0
504.0	1688.0
492.0	11088.0
490.0	47472.0
496.0	240.0
488.0	312.0
500.0	684.0
486.0	147116.0
504.0	5040.0
492.0	432.0
480.0	31048.0
482.0	1952.0
508.0	40496.0
480.0	960.0
496.0	88288.0
490.0	2344.0
484.0	840.0
482.0	11256.0
504.0	96.0
498.0	52.0
498.0	80.0
502.0	1024.0
498.0	324.0
484.0	29704.0
492.0	13824.0
510.0	266112.0
502.0	108.0
486.0	896.0
492.0	576.0
490.0	96.0
496.0	16.0
494.0	17024.0
494.0	112.0
494.0	12144.0
494.0	28864.0
502.0	2360.0
492.0	2200.0
478.0	25992.0
500.0	272220.0
498.0	5676.0
500.0	1300.0
496.0	14976.0
492.0	176316.0
484.0	254880.0
500.0	96.0
502.0	1520.0
496.0	144.0
506.0	1152.0
502.0	18596.0
488.0	768.0
490.0	336444.0
484.0	11008.0
498.0	672.0
488.0	375360.0
502.0	8636.0
492.0	144372.0
482.0	4352.0
504.0	64.0
486.0	415808.0
492.0	296.0
484.0	5520.0
488.0	39808.0
486.0	42176.0
492.0	243952.0
498.0	2688.0
500.0	6832.0
488.0	24.0
494.0	31056.0
492.0	1000.0
492.0	2112.0
492.0	16254.0
500.0	2784.0
486.0	4800.0
502.0	192.0
504.0	108.0
496.0	216.0
496.0	5376.0
492.0	2136.0
498.0	280.0
492.0	128.0
494.0	34376.0
490.0	2688.0
498.0	88832.0
484.0	1152.0
508.0	64.0
498.0	980.0
490.0	6516.0
504.0	93184.0
496.0	4416.0
490.0	8680.0
496.0	1968.0
496.0	832.0
496.0	180.0
492.0	14446.0
492.0	1200.0
504.0	240.0
482.0	71424.0
486.0	1680.0
484.0	856.0
490.0	41208.0
500.0	1872.0
486.0	9268.0
492.0	624.0
492.0	80.0
484.0	84424.0
492.0	16.0
502.0	240.0
492.0	96.0
494.0	56.0
512.0	111072.0
490.0	56832.0
484.0	290204.0
498.0	74218.0
490.0	868.0
486.0	58152.0
494.0	5920.0
498.0	20736.0
498.0	4248.0
506.0	1440.0
482.0	2016.0
484.0	389608.0
496.0	7700.0
500.0	11232.0
494.0	1728.0
502.0	224.0
500.0	12240.0
504.0	51840.0
496.0	150752.0
494.0	880.0
502.0	72.0
490.0	25056.0
488.0	115424.0
508.0	12264.0
488.0	534320.0
478.0	95304.0
496.0	1792.0
496.0	12.0
492.0	24.0
500.0	71232.0
500.0	2960.0
484.0	131936.0
492.0	42720.0
498.0	16840.0
504.0	432.0
496.0	1160.0
502.0	49920.0
492.0	38880.0
496.0	2752.0
492.0	7856.0
502.0	11692.0
486.0	2336.0
504.0	4800.0
496.0	1440.0
490.0	3520.0
492.0	216456.0
494.0	1504.0
502.0	151744.0
492.0	512.0
494.0	1536.0
506.0	8960.0
482.0	9.001424e6
494.0	2208.0
496.0	134448.0
494.0	88.0
500.0	160.0
498.0	7536.0
484.0	2352.0
496.0	9512.0
500.0	7040.0
488.0	3584.0
490.0	11744.0
506.0	192.0
498.0	8640.0
488.0	1536.0
498.0	208.0
482.0	4.015728e6
498.0	1848.0
500.0	200.0
498.0	240.0
496.0	2304.0
492.0	2352.0
506.0	32.0
492.0	5760.0
506.0	48384.0
486.0	28836.0
492.0	9552.0
500.0	1536.0
488.0	37632.0
492.0	480.0
494.0	3672.0
492.0	56160.0
504.0	2.757456e6
484.0	320.0
498.0	70776.0
490.0	348.0
478.0	19240.0
496.0	15120.0
496.0	30156.0
494.0	7650.0
490.0	439808.0
492.0	1056.0
492.0	28608.0
488.0	24.0
488.0	324.0
500.0	2096.0
494.0	32.0
494.0	1056.0
506.0	54544.0
492.0	1904.0
482.0	36720.0
488.0	11368.0
504.0	1200.0
496.0	768.0
488.0	38928.0
498.0	992.0
492.0	288.0
494.0	168.0
484.0	3840.0
490.0	1782.0
496.0	7352.0
502.0	612.0
496.0	54240.0
504.0	288.0
482.0	74844.0
490.0	4416.0
494.0	12096.0
490.0	1.488676e6
500.0	40.0
504.0	280.0
494.0	320.0
498.0	1728.0
492.0	3392.0
502.0	320.0
492.0	74048.0
490.0	10164.0
486.0	3336.0
496.0	316224.0
498.0	192.0
508.0	1792.0
504.0	1748.0
506.0	458.0
504.0	792.0
494.0	2160.0
498.0	14208.0
486.0	17588.0
488.0	10192.0
496.0	296.0
484.0	3456.0
494.0	256.0
488.0	5816.0
496.0	12832.0
498.0	664.0
490.0	2688.0
486.0	121984.0
504.0	6080.0
484.0	96.0
494.0	7560.0
490.0	144.0
492.0	1824.0
510.0	960.0
488.0	4280.0
496.0	49456.0
482.0	4312.0
492.0	3440.0
502.0	8064.0
502.0	93208.0
492.0	960.0
492.0	3276.0
486.0	15168.0
484.0	283532.0
506.0	7232.0
498.0	168.0
478.0	4008.0
496.0	32.0
510.0	6912.0
488.0	640.0
492.0	3520.0
488.0	3840.0
494.0	1440.0
492.0	576.0
494.0	8760.0
500.0	11808.0
500.0	8808.0
490.0	19712.0
500.0	1824.0
500.0	460.0
492.0	165944.0
490.0	50688.0
504.0	34464.0
500.0	408.0
498.0	8424.0
494.0	8514.0
500.0	99200.0
484.0	22856.0
500.0	6144.0
510.0	512.0
498.0	30408.0
500.0	6048.0
498.0	48.0
494.0	108.0
504.0	17024.0
492.0	5616.0
488.0	3480.0
492.0	1656.0
504.0	3456.0
488.0	96.0
496.0	13728.0
498.0	220.0
502.0	112.0
494.0	1016.0
490.0	4320.0
494.0	39144.0
482.0	1568.0
496.0	9360.0
502.0	9996.0
492.0	600.0
484.0	3932.0
498.0	5600.0
488.0	444.0
502.0	14112.0
480.0	6.765316e6
492.0	212992.0
496.0	640.0
494.0	15168.0
486.0	4736.0
506.0	72.0
498.0	56448.0
494.0	344640.0
498.0	40560.0
492.0	10608.0
502.0	888.0
492.0	11232.0
488.0	2112.0
488.0	42720.0
512.0	480.0
482.0	768.0
494.0	1976.0
490.0	8.0
480.0	15840.0
498.0	79344.0
498.0	322056.0
492.0	4104.0
502.0	3970.0
502.0	120288.0
494.0	5044.0
500.0	336.0
496.0	25520.0
490.0	1080.0
498.0	384.0
498.0	7680.0
492.0	128.0
496.0	12288.0
488.0	35152.0
500.0	30212.0
500.0	23412.0
496.0	20160.0
486.0	23936.0
490.0	8052.0
494.0	39672.0
494.0	480.0
494.0	25488.0
504.0	576.0
496.0	1852.0
504.0	2184.0
488.0	10368.0
490.0	48.0
484.0	771564.0
506.0	960.0
496.0	4680.0
492.0	10660.0
486.0	18912.0
494.0	3376.0
490.0	4192.0
500.0	5040.0
492.0	114816.0
490.0	38880.0
496.0	10368.0
488.0	207684.0
498.0	72296.0
488.0	306240.0
488.0	80.0
506.0	3024.0
492.0	17280.0
488.0	480.0
496.0	160.0
500.0	40.0
492.0	768.0
490.0	3360.0
492.0	216.0
500.0	7440.0
478.0	22136.0
496.0	3456.0
488.0	576.0
490.0	80.0
496.0	14688.0
496.0	10224.0
492.0	576.0
498.0	1728.0
486.0	3984.0
498.0	1754.0
484.0	8224.0
482.0	85388.0
496.0	8064.0
502.0	2856.0
502.0	960.0
484.0	2732.0
490.0	3888.0
490.0	153624.0
496.0	112.0
490.0	24.0
490.0	3024.0
502.0	144.0
490.0	13422.0
488.0	2048.0
480.0	192824.0
498.0	2720.0
502.0	76272.0
500.0	2160.0
498.0	45824.0
500.0	1568.0
488.0	2304.0
502.0	18432.0
492.0	520.0
508.0	2176.0
490.0	1248.0
496.0	5808.0
476.0	632.0
480.0	32320.0
482.0	11264.0
496.0	36.0
486.0	11520.0
490.0	3328.0
494.0	768.0
498.0	26784.0
498.0	28202.0
498.0	648.0
492.0	27440.0
496.0	229728.0
490.0	9216.0
488.0	47744.0
502.0	50160.0
508.0	1260.0
492.0	7968.0
502.0	624.0
504.0	1536.0
492.0	17472.0
490.0	1024.0
500.0	160.0
486.0	107600.0
496.0	133648.0
492.0	80.0
488.0	2592.0
490.0	874.0
494.0	256.0
488.0	11328.0
502.0	64.0
492.0	33756.0
494.0	116312.0
490.0	80.0
496.0	34248.0
500.0	556864.0
484.0	1080.0
492.0	4704.0
488.0	8064.0
496.0	96.0
498.0	816.0
496.0	18228.0
488.0	1680.0
496.0	1704.0
490.0	4368.0
490.0	143712.0
488.0	11484.0
496.0	2544.0
508.0	768.0
498.0	4368.0
496.0	237624.0
500.0	4784.0
474.0	11316.0
500.0	6096.0
506.0	1680.0
488.0	816.0
484.0	10064.0
490.0	276328.0
492.0	4608.0
498.0	23286.0
488.0	20276.0
500.0	4176.0
498.0	48704.0
492.0	29312.0
498.0	1536.0
490.0	343520.0
492.0	5664.0
500.0	576.0
488.0	10368.0
494.0	111552.0
494.0	3840.0
492.0	8088.0
496.0	640.0
490.0	262576.0
486.0	544.0
500.0	2032.0
496.0	192.0
490.0	96.0
492.0	68.0
494.0	1240.0
506.0	960.0
496.0	384.0
496.0	5776.0
490.0	12500.0
506.0	36.0
506.0	648.0
494.0	6000.0
500.0	276.0
508.0	2496.0
496.0	65184.0
488.0	960.0
488.0	48.0
506.0	4.216944e6
492.0	576.0
492.0	6880.0
504.0	216.0
494.0	2816.0
490.0	200920.0
490.0	864.0
498.0	127600.0
508.0	528.0
482.0	1.604328e6
502.0	3072.0
502.0	43296.0
506.0	20160.0
482.0	1080.0
484.0	58608.0
496.0	12640.0
490.0	309328.0
492.0	44372.0
492.0	132284.0
492.0	4000.0
486.0	6230.0
496.0	3352.0
486.0	36.0
484.0	30240.0
478.0	4680.0
484.0	5280.0
494.0	192.0
506.0	336.0
500.0	1008.0
506.0	46464.0
482.0	1.430086e6
488.0	24.0
492.0	10052.0
500.0	504.0
488.0	373690.0
496.0	1200.0
496.0	1040.0
502.0	2304.0
482.0	185920.0
494.0	23596.0
498.0	672.0
504.0	864.0
498.0	3256.0
494.0	1152.0
488.0	64224.0
506.0	51840.0
486.0	800.0
482.0	6940.0
494.0	216.0
494.0	4800.0
490.0	10720.0
486.0	2016.0
492.0	6432.0
490.0	96.0
494.0	1536.0
496.0	279896.0
510.0	816.0
502.0	9072.0
488.0	11922.0
492.0	2752.0
500.0	2160.0
502.0	18.0
498.0	1456.0
486.0	752.0
496.0	2002.0
500.0	798.0
488.0	208224.0
488.0	768.0
506.0	594.0
498.0	858.0
496.0	384.0
498.0	320.0
498.0	4920.0
502.0	1520.0
490.0	5136.0
494.0	3456.0
490.0	3840.0
498.0	166400.0
490.0	72.0
494.0	540.0
500.0	7200.0
498.0	5760.0
490.0	432.0
488.0	357048.0
498.0	62208.0
498.0	28160.0
496.0	1536.0
488.0	7360.0
496.0	34560.0
498.0	4.962768e6
494.0	352.0
502.0	1564.0
488.0	632.0
498.0	5088.0
488.0	60444.0
484.0	52464.0
484.0	456.0
516.0	1152.0
488.0	6690.0
494.0	21296.0
504.0	3456.0
486.0	1840.0
484.0	53340.0
510.0	536.0
496.0	3996.0
480.0	4.0
496.0	1536.0
500.0	1512.0
492.0	4920.0
482.0	4320.0
492.0	6808.0
486.0	32672.0
498.0	1800.0
506.0	36288.0
502.0	100578.0
500.0	5472.0
502.0	384.0
494.0	6934.0
486.0	419568.0
490.0	4320.0
486.0	32.0
492.0	19856.0
496.0	3768.0
488.0	768.0
494.0	1184.0
506.0	3744.0
500.0	240.0
498.0	57408.0
490.0	2944.0
490.0	800.0
490.0	48.0
514.0	1536.0
494.0	26624.0
490.0	2304.0
490.0	576.0
486.0	240.0
504.0	78112.0
506.0	480.0
498.0	432.0
492.0	144.0
494.0	480.0
484.0	288.0
498.0	55424.0
500.0	96.0
498.0	4928.0
492.0	816.0
492.0	6120.0
496.0	5856.0
496.0	2304.0
494.0	384.0
500.0	15232.0
500.0	19602.0
494.0	91480.0
492.0	4080.0
504.0	1944.0
488.0	106624.0
496.0	52032.0
484.0	2592.0
486.0	2072.0
498.0	10608.0
504.0	4128.0
494.0	32112.0
486.0	144.0
480.0	6528.0
488.0	68208.0
492.0	160704.0
492.0	36984.0
498.0	8320.0
498.0	1716.0
496.0	76888.0
496.0	5220.0
492.0	3840.0
498.0	225472.0
492.0	1008.0
492.0	5584.0
498.0	11520.0
502.0	5120.0
492.0	364.0
490.0	288.0
492.0	1152.0
506.0	768.0
492.0	384.0
502.0	6744.0
486.0	5946.0
504.0	430.0
502.0	920.0
480.0	142224.0
480.0	96.0
494.0	560.0
494.0	16848.0
498.0	1632.0
498.0	116.0
490.0	5820.0
500.0	760.0
500.0	1168.0
494.0	66720.0
494.0	3592.0
492.0	7168.0
488.0	1872.0
492.0	115792.0
504.0	1968.0
500.0	28800.0
490.0	1.696192e6
496.0	26208.0
496.0	136400.0
500.0	122880.0
484.0	1124.0
498.0	4320.0
492.0	18240.0
492.0	336.0
488.0	53792.0
492.0	2016.0
504.0	49152.0
498.0	6352.0
490.0	288.0
496.0	576.0
506.0	164.0
498.0	240.0
494.0	4064.0
502.0	384.0
484.0	1296.0
498.0	10584.0
496.0	72.0
490.0	15360.0
490.0	13320.0
502.0	576.0
500.0	240.0
482.0	42240.0
518.0	2412.0
514.0	288.0
498.0	48.0
500.0	3360.0
486.0	912.0
500.0	46080.0
488.0	128.0
494.0	384.0
490.0	384.0
494.0	12292.0
500.0	368.0
504.0	10368.0
488.0	1648.0
504.0	32832.0
496.0	594.0
494.0	4992.0
500.0	48.0
492.0	128.0
506.0	28.0
496.0	160.0
502.0	39072.0
484.0	103488.0
488.0	3520.0
498.0	1536.0
488.0	656640.0
486.0	266848.0
508.0	1944.0
494.0	24.0
496.0	366.0
498.0	1944.0
492.0	480.0
488.0	416.0
496.0	8160.0
496.0	928.0
490.0	144.0
490.0	91488.0
494.0	96.0
500.0	512.0
494.0	26560.0
488.0	1840.0
492.0	78.0
494.0	57312.0
490.0	304448.0
496.0	256.0
492.0	2016.0
498.0	11844.0
494.0	540.0
492.0	736.0
492.0	320.0
490.0	3632.0
502.0	1152.0
502.0	864.0
496.0	456.0
502.0	576.0
504.0	24.0
488.0	6480.0
502.0	108.0
500.0	6208.0
500.0	54048.0
490.0	20880.0
502.0	444.0
486.0	114.0
488.0	64.0
484.0	21832.0
486.0	10368.0
496.0	1200.0
488.0	1008.0
506.0	3984.0
484.0	90328.0
504.0	64.0
504.0	18520.0
494.0	2800.0
492.0	33280.0
490.0	480.0
498.0	81344.0
504.0	20112.0
490.0	94160.0
490.0	7424.0
486.0	104544.0
496.0	248832.0
502.0	1280.0
502.0	8208.0
486.0	4608.0
486.0	72.0
488.0	63540.0
482.0	4128.0
492.0	408.0
500.0	1152.0
488.0	153856.0
496.0	3360.0
486.0	280.0
494.0	276.0
482.0	720.0
496.0	2616.0
494.0	3328.0
486.0	64.0
490.0	4500.0
496.0	512.0
496.0	11232.0
492.0	192.0
490.0	256.0
500.0	47232.0
502.0	8336.0
494.0	42240.0
498.0	40.0
486.0	27942.0
492.0	32000.0
494.0	12480.0
494.0	336.0
496.0	2340.0
496.0	672.0
494.0	1452.0
496.0	50208.0
484.0	82008.0
496.0	4080.0
504.0	57780.0
494.0	1920.0
502.0	9072.0
496.0	133312.0
512.0	64.0
502.0	672.0
480.0	8116.0
486.0	192.0
494.0	256.0
500.0	96.0
504.0	48.0
492.0	256.0
500.0	69264.0
486.0	9712.0
512.0	2208.0
490.0	18048.0
492.0	96.0
494.0	32256.0
490.0	1152.0
496.0	29160.0
478.0	4256.0
490.0	12384.0
502.0	9792.0
496.0	52416.0
494.0	48064.0
492.0	158400.0
498.0	120.0
480.0	2862.0
500.0	1920.0
492.0	8064.0
494.0	4752.0
500.0	768.0
