2
4
8
2
2
4
2
6
14
8
8
24
2
4
4
4
32
2
4
2
14
2
2
6
6
12
2
2
2
4
14
4
4
4
2
38
2
8
4
4
6
4
14
2
6
10
8
8
12
4
10
2
8
8
10
4
12
28
8
4
4
4
8
4
14
4
10
2
8
6
10
10
2
2
4
12
8
4
6
8
12
12
4
2
6
2
8
4
10
4
2
32
2
2
2
12
12
6
2
4
2
2
6
6
4
12
4
4
16
6
22
8
20
2
4
4
16
2
6
10
2
10
2
20
16
2
4
4
4
6
26
6
8
2
2
4
4
8
2
2
10
4
4
6
4
2
2
4
12
12
8
2
2
18
14
6
2
16
4
4
2
2
4
8
2
8
44
14
4
4
4
2
4
20
14
4
8
6
2
2
2
8
2
4
2
20
4
2
2
8
2
36
4
4
6
6
2
6
4
2
2
4
6
2
4
6
12
6
4
4
4
8
2
4
2
12
4
2
6
10
16
6
4
6
2
6
4
8
2
12
10
2
4
2
4
4
6
4
2
2
2
4
6
24
10
2
8
2
2
4
16
2
10
4
4
4
2
8
4
2
14
2
2
2
2
2
10
4
2
4
8
6
2
8
30
2
8
6
2
2
20
6
2
10
2
2
4
6
4
14
4
2
2
2
2
4
16
4
36
4
6
8
14
6
10
2
4
2
6
14
4
18
2
6
6
2
2
22
10
4
8
4
2
2
2
10
4
2
2
2
14
12
4
4
8
2
10
2
4
2
2
2
4
4
8
20
4
2
2
10
2
4
4
4
2
22
2
2
2
4
6
28
4
14
8
22
24
2
2
8
42
2
36
10
2
18
20
6
6
6
10
4
10
4
2
4
2
16
2
10
10
8
4
12
8
2
6
6
2
2
2
6
2
4
4
4
28
4
2
10
2
6
2
2
4
6
6
2
2
32
28
10
4
4
8
6
4
4
2
2
4
34
4
8
2
10
4
2
12
6
2
2
2
4
6
2
2
6
8
12
16
6
20
2
20
6
2
4
2
18
8
18
16
2
16
20
2
6
28
4
18
32
4
14
6
10
8
6
4
2
4
4
8
10
4
4
2
4
2
6
2
12
8
6
4
4
8
14
4
18
6
8
2
10
6
4
8
6
6
10
22
2
6
2
4
4
6
2
2
20
2
2
2
2
6
10
2
6
10
2
2
36
4
8
22
2
2
4
2
2
6
4
6
6
2
12
26
4
14
14
24
6
2
4
6
8
16
6
6
8
26
28
6
4
18
6
2
12
4
14
4
2
10
4
2
4
30
18
2
2
10
26
4
2
2
2
2
2
2
18
4
2
2
8
2
2
18
8
2
2
14
2
4
14
6
4
10
46
6
6
4
4
2
4
2
4
28
14
4
4
4
10
6
2
6
42
6
18
4
2
14
14
2
8
2
16
2
2
4
2
8
4
6
8
6
10
12
2
24
8
10
4
34
2
6
2
10
2
4
10
6
6
2
28
10
2
4
2
6
4
4
2
4
2
10
12
10
2
2
4
12
4
2
8
10
4
2
50
2
2
8
4
12
4
2
2
2
2
6
4
12
2
2
2
2
2
6
2
4
10
8
2
2
4
2
4
12
2
6
2
4
2
2
18
2
18
2
4
2
2
6
8
2
12
2
14
4
4
4
6
8
2
2
2
4
6
6
28
2
2
6
10
6
18
4
12
4
12
12
12
4
4
2
2
8
4
12
2
4
4
2
2
2
2
10
8
2
2
2
14
8
20
6
12
4
2
8
18
4
6
2
2
8
2
2
30
12
22
4
2
2
24
4
8
8
2
6
4
6
4
2
2
2
2
2
6
8
20
2
2
2
2
40
4
6
6
8
20
2
4
18
4
4
26
18
2
6
4
6
6
8
12
2
28
8
2
8
2
2
4
6
14
36
4
6
8
26
16
8
2
8
2
6
2
8
4
4
8
2
2
6
12
2
2
2
2
18
10
32
12
12
10
18
38
2
12
10
6
4
8
2
4
12
2
2
2
10
10
4
4
8
2
6
2
4
4
16
12
2
2
4
4
44
2
12
2
8
4
4
2
4
2
12
6
2
2
12
2
2
2
4
32
16
4
4
6
16
14
2
10
4
12
2
2
4
4
2
6
4
24
4
6
4
10
2
2
4
16
6
26
2
10
6
12
20
30
6
4
2
2
4
10
12
4
4
2
4
10
4
2
2
4
12
2
16
6
2
6
4
6
6
2
10
10
4
8
4
2
2
2
