348	1192
348	1568
342	862
344	284
348	384
336	14886
346	3150
332	840
336	48
342	800
342	936
334	4554
338	3504
338	43540
336	84
340	720
336	4430
340	1872
332	480
332	192
340	2700
352	140
338	216
338	324
342	336
338	144
342	38
340	312
332	360
340	88
340	28128
336	1124
340	704
352	64
344	112
338	272
338	252
356	96
352	32
344	2400
340	56
336	408
342	40
344	56
332	48
340	76
344	10
354	144
344	80
336	5744
340	672
340	12
348	40
342	448
338	28
344	64
342	2248
346	11130
336	36
338	5456
344	24
342	162
338	66
334	280
346	39424
340	32
348	1168
344	696
340	192
342	2208
336	1360
338	428
336	480
340	162
342	2480
340	30
342	8
338	6968
330	2868
338	4568
342	72
328	24
340	12608
340	72
350	8
350	432
344	192
338	272
330	160
340	108
336	648
346	136
338	216
348	32
334	8
342	272
338	250
346	96
332	8204
326	396
338	96
340	72
342	216
338	336
352	128
348	10272
340	12
336	6896
336	2202
342	96
336	226
342	3320
354	20
346	1728
338	80
336	4
346	128
340	72
336	452
338	4272
338	384
346	2292
346	1384
346	1218
350	30
344	96
348	84
336	3360
356	40152
334	2384
346	2296
334	8
330	512
354	36
340	24
350	860
330	130986
338	2160
338	64
342	420
338	804
348	8
346	112
338	492
336	456
352	2160
340	6498
348	24
332	2520
356	384
334	13724
348	24
340	144
346	68
348	216
338	2928
350	480
346	2784
334	316
338	1044
334	516
346	64
352	512
340	96
342	1770
346	264
350	240
336	240
350	82
330	180
346	480
334	17460
334	484
332	600
338	376
340	1544
348	152
356	240
344	144
338	184
346	948
340	510
336	2352
334	1336
340	4032
336	40
340	384
344	1560
356	198
344	6818
336	64
346	10880
342	2560
336	8
342	36
336	24416
344	96
338	96
350	972
338	2154
330	906
344	16
336	4832
336	240
344	800
346	192
340	64
342	484
330	2918
334	17808
346	480
336	8
340	144
332	144
340	690
338	25792
336	32820
338	12
348	330
348	216
346	16
346	3120
340	2608
360	6
330	32
344	540
344	1792
344	140
348	84
336	720
332	980
340	112
344	952
344	40
336	56
342	240
346	264
338	72
336	104
334	4224
334	100
342	24
338	324
338	8
338	12
336	288
334	16130
346	216
334	120
334	1008
348	40
342	292
354	192
340	198
338	16
338	460
348	192
342	528
334	4472
336	448
340	11272
348	208
336	12
340	1488
334	224
346	204
346	1000
346	24
338	8
352	110
342	64
334	8
348	168
348	848
354	16
342	240
336	3600
342	1088
346	6752
344	416
342	17612
332	168
338	516
344	54
344	816
340	17440
352	224
336	24
344	320
344	8
342	12
338	60
334	32
332	384
336	1984
346	12520
344	2352
334	60
342	900
350	176
344	1978
340	108
344	2976
348	20
336	432
346	104
336	216
332	6064
346	180
338	440
350	832
338	384
334	132
334	684
338	416
342	32
334	26
340	6512
342	120
342	36
346	40
346	252
346	108
340	296
344	3264
346	32
352	1824
344	1952
342	264
332	27520
342	1156
346	2
344	80
342	844
342	4568
346	240
334	10440
334	200
342	20
344	336
344	432
334	700
338	4400
338	96
332	16454
350	72
342	48
358	32
342	700
344	1424
332	120
334	1920
336	3464
332	1008
338	1296
332	14368
344	950
330	1992
344	112
342	178
338	176
332	96
338	96
332	208
336	1296
340	376
334	32
340	44
342	96
350	86
342	200
336	2964
340	48
344	108
344	1280
344	32
340	2464
352	40
340	336
342	4
334	7256
354	64
346	128
348	1418
338	84
342	40
334	1212
348	32
340	648
334	576
342	288
358	68
346	16
354	96
342	10
344	720
342	88
340	176
338	6922
342	672
338	732
332	256
334	40
342	96
336	1448
340	128
340	206
332	1700
338	48
338	492
348	124
342	8
344	912
332	33120
332	688
342	13840
342	504
338	32
336	1084
332	240
338	9360
338	4058
338	240
346	32
340	8
340	1708
338	1240
340	672
338	64
334	88
340	224
342	13890
344	156
332	20
342	952
338	144
354	240
348	424
336	16
336	12328
336	6400
356	192
338	40
340	496
338	86
338	282
338	1096
336	32
336	576
348	192
342	18336
340	336
332	30
336	72
342	236
338	328
340	34
336	2388
348	108
340	32
334	5784
344	5140
334	240
338	376
346	8
342	612
332	1072
350	16100
338	768
338	8
342	256
340	1840
346	780
338	5088
342	1440
348	280
338	192
342	256
338	84
334	132
334	88
338	108
342	132
336	4670
336	876
346	48
332	3648
350	32
342	48
340	100
348	128
348	260
340	210
336	256
338	1186
350	8
348	288
336	36900
342	132
342	376
348	396
344	120
340	64
354	24
344	12800
334	1968
348	320
340	504
340	40
346	1136
336	32
342	680
330	216
340	1824
342	24
334	3672
334	10970
330	6412
332	64
336	384
336	11376
346	2160
338	336
334	878
342	36
334	432
346	72
328	58076
334	16
332	26
346	12032
340	3184
334	16
330	10468
334	508
334	6840
342	4512
338	2764
348	288
338	300
348	72
340	96
340	4
342	1248
344	16
336	96
338	240
340	68
346	8968
332	24
344	32
336	104
340	14
336	348
342	68
338	888
340	204
340	44
350	80
340	8160
342	24
338	680
340	3008
338	160
356	64
338	16
338	324
340	6432
344	224
348	80
334	2484
334	12
344	64
348	360
344	36
344	388
350	20
346	40
346	102
350	36
340	8448
336	160
332	8584
332	288
340	2296
352	32
338	72
334	128
342	288
344	4
342	190
344	120
346	16
342	36
338	48
336	672
340	72
332	46192
338	1856
348	1032
340	2532
342	64
342	1664
338	1064
334	3278
344	1224
340	312
342	16
362	120
354	4
338	372
352	4
342	40
340	648
338	352
346	840
340	2016
324	336
344	96
340	1164
350	120
344	60
342	288
340	584
348	8
340	189986
346	88
336	360
338	1272
350	64
342	264
334	12
334	1072
342	8
326	696
332	105920
352	120
342	4608
334	72
340	3036
342	1560
340	80
340	416
350	144
344	192
328	432
338	1992
338	192
348	720
342	1440
336	4146
336	2400
328	728
328	16568
358	240
342	80
346	1064
332	976
346	6
344	270
328	1548
332	1304
340	168
336	32
348	128
342	410
334	1952
346	864
336	210
338	816
348	56
336	4
342	360
344	3768
332	3800
326	1170
340	104
334	778
344	864
340	992
342	892
336	288
334	2240
340	2688
336	972
340	4488
346	1320
332	640
336	28
334	916
342	3280
340	7440
344	72
338	258
338	228
340	520
352	18
344	8
334	9792
346	220
344	672
350	960
332	384
336	304
342	128
342	60
344	8
338	10680
344	1172
338	1344
342	48
328	594
328	474
342	1120
334	3268
336	12
340	7168
336	5254
340	10
340	128
360	36
350	408
354	128
342	42
338	200
340	22
340	24
338	72
334	1056
350	240
342	424
338	20
340	1232
346	408
334	4000
356	16
334	5268
334	1168
334	12
332	4328
340	144
342	16
342	1776
338	35654
330	424
344	544
338	980
340	10660
336	2264
342	24
334	256
342	1216
352	432
336	31680
340	324
334	60
346	164
340	96
338	500
340	552
346	32
338	144
342	32
348	240
338	160
342	508
346	1024
334	40
336	244
348	16
338	960
338	60
340	1736
336	2136
334	654
336	3812
342	7404
338	512
352	76
338	588
336	15216
346	60
330	45164
330	24
348	468
340	16
354	44
344	1024
350	288
330	40
338	27882
346	120
340	624
338	16
332	240
340	280
338	8
344	8
344	720
346	192
342	174
340	500
336	366
332	256
328	256
340	2532
342	720
352	1176
336	224
352	144
340	1500
334	1944
342	96
334	2450
348	1640
340	804
344	84
344	32
340	8
350	48
342	2
340	60
334	40
340	1996
346	24
338	424
340	2682
336	384
348	16
340	176
330	948
342	12
338	3600
336	9968
346	1680
344	15560
342	744
344	144
336	488
330	1168
342	312
336	6692
332	62
332	3312
342	12
344	192
336	460
338	4120
338	72
332	96
350	584
340	14790
346	28674
342	864
346	384
340	96
334	154
334	388
334	176
338	32
348	684
336	3400
332	216
338	1728
332	156
350	90
348	16
346	40
346	108
338	720
332	1452
346	74
346	144
336	12
336	1616
346	580
338	140
338	24
334	1324
344	432
344	192
352	352
338	440
336	56
334	1292
342	36
332	80
336	888
348	16
340	624
348	76724
342	432
348	56
340	240
344	280
352	80
348	24
336	24
338	6912
336	1056
344	1344
340	32
342	1044
336	5884
340	124
332	432
334	2474
332	96
344	224
346	72
350	960
346	64
340	378
340	128
332	3258
340	3594
348	48
336	488
344	48
356	24
350	292
334	792
346	960
340	8
346	400
344	32
346	16
346	864
342	2896
342	9536
344	872
340	1200
336	32
330	3024
346	6240
330	27380
336	368
348	40
340	64
338	33476
340	832
332	208
338	7844
352	168
350	212
342	44
338	1144
334	2296
336	128
338	84
340	186
342	3808
342	7244
336	672
338	80
346	8
340	88
332	608
334	14312
342	24
344	768
344	36
352	8
342	2744
342	12
338	108
340	288
340	72
338	2344
340	12
338	256
338	372
348	14
334	240
344	576
350	2520
336	520
350	16
332	460
336	96
334	312
346	1824
336	15364
328	738
336	316
338	3748
342	1288
338	40
342	592
334	92
342	20
340	6
344	24
336	176
334	1600
336	260
334	6512
342	9744
338	2566
324	55996
340	16692
344	40
342	1662
334	19256
336	112
348	726
340	320
336	120
342	6312
346	96
342	450
340	1936
340	1288
344	720
338	4176
336	728
338	216
336	2368
350	264
334	22458
338	2328
340	64
338	24
338	24
336	6288
342	1568
348	104
340	1188
328	93232
348	192
340	1920
350	128
342	616
350	856
352	480
334	228
332	192
332	96
332	8596
346	12
340	16
346	160
338	800
334	20
346	96
342	556
338	4592
340	112
342	256
330	5792
348	1008
332	48
340	6904
336	240
348	192
336	1728
338	1498
348	240
346	256
348	320
352	24
334	12960
342	72
338	2408
342	170
336	152
340	160
348	144
346	24
350	628
340	320
336	304
336	2472
348	798
336	72
334	35892
344	284
352	32
346	160
338	416
338	136
342	864
348	128
340	2046
344	48
336	256
348	100
344	36
348	12
334	24
340	56
334	704
342	636
342	24
338	928
340	8
336	332
338	684
352	64
338	464
344	348
332	288
340	128
334	3916
348	336
344	8180
332	78
328	320
330	240
332	112
344	96
334	316
350	216
338	488
342	240
336	396
346	8
354	40
340	48
338	1056
336	8572
336	174
342	1448
336	136
342	4296
340	1196
336	120
344	96
346	96
340	28
340	208
344	896
338	40
338	576
342	288
342	12
344	1628
338	36
336	32
344	96
340	576
344	24
350	1152
342	208
340	544
338	752
332	960
332	1262
340	448
334	2628
338	996
346	16
348	234
344	140
338	192
344	360
350	726
346	576
340	522
344	312
334	24
340	120
336	2848
346	128
340	124
340	1568
342	1008
348	1000
328	6
332	540
358	1608
336	768
338	384
340	1280
338	848
346	324
346	420
342	3708
332	5944
336	352
346	160
334	1624
338	144
334	10940
338	1548
326	2126
340	2928
342	1608
340	848
344	72
340	1690
338	652
334	636
338	16
332	22876
344	28
348	364
338	560
340	500
344	112
338	528
340	16
334	1464
354	32
334	3112
338	1800
346	240
348	224
338	648
334	690
346	160
336	352
348	20544
338	80
332	1408
336	64
342	96
342	2374
346	2288
332	2028
342	2360
336	15248
350	112
340	2572
330	2304
350	80
338	152
338	14
350	114
338	804
342	80
336	1600
344	128
342	96
332	5784
342	1680
342	24
340	96
338	128
348	46
356	80
338	64
340	8
340	360
342	6
348	28
336	812
346	60
330	998
338	576
348	784
362	28
338	36
346	288
356	504
342	1208
342	354
342	2856
342	504
346	1224
346	1664
338	2130
340	780
344	1288
348	192
352	2304
334	2648
334	1008
330	64
338	196
332	256
344	468
356	80
344	61992
348	64
338	912
338	68
344	876
340	72
336	1832
328	4674
348	144
354	24
348	8
340	112
350	32
334	32
346	1288
330	288
350	72
342	384
330	24
344	2290
338	2166
334	1440
340	408
334	18196
340	504
346	192
334	96
342	1572
344	2
342	72
338	336
336	16
340	13176
336	24
338	3096
340	342
344	1072
340	528
340	896
340	1436
334	48
346	16
340	7056
336	8
342	72
346	1312
334	48
334	320
336	24
334	3120
334	96
338	560
338	5808
344	24
340	268
338	864
348	204
338	504
332	476
340	96
338	1992
338	280
336	896
332	560
346	320
352	1620
342	96
356	48
334	672
336	120
340	360
338	4530
350	104
352	24
344	48
342	88
354	20
348	192
336	200
332	2670
342	856
334	48
336	5704
344	16
344	592
342	68
340	6528
342	96
346	378
332	27756
334	2160
336	3400
336	816
340	788
342	9920
354	808
344	500
340	576
354	204
344	7192
342	216
340	576
342	568
344	864
340	7704
334	1504
338	44
332	15062
342	1396
342	1584
338	912
346	120
332	6132
348	288
336	10584
350	192
342	1280
344	124
344	236
348	384
354	32
338	384
336	144
344	24
336	128
336	80
352	120
340	3264
346	540
338	4
338	184
338	96
336	264
340	720
340	582
338	24
334	360
332	6560
338	4420
334	252
334	76
332	46
342	2192
344	152
344	40
360	12
340	3380
344	460
338	3496
340	2286
342	120
338	25952
336	48
334	464
342	1872
340	3344
340	64
348	16
334	72
338	1160
338	320
334	4808
342	320
338	9152
348	96
340	208
344	768
336	60
336	160
344	36
338	560
340	48
332	20
348	1608
340	898
338	252
336	960
344	432
340	6768
332	22180
328	736
338	16
342	80
346	16
348	4
334	252
334	12416
342	640
346	8076
336	144
344	1016
336	432
340	112
336	288
346	256
334	2352
344	996
350	352
338	60
330	152
338	1140
346	6316
334	96
338	336
346	3376
346	1304
334	6
342	24
340	768
342	726
346	372
346	120
340	708
338	80
340	20
336	16
350	4
336	82
340	336
334	128
338	230
348	24
340	33104
338	3832
330	9552
344	48
336	32
338	144
328	4368
338	156
342	992
338	48
336	21356
334	168
336	36
338	8
332	3080
342	2920
340	252
342	424
342	96
328	12
348	8352
348	384
342	756
330	196
340	48
344	920
342	72
348	312
332	3016
344	1120
348	48
360	840
354	2004
338	140
350	384
344	304
330	810
342	4776
336	336
352	140
348	1440
338	80
328	462
342	576
342	1380
350	64
344	264
352	960
340	32
336	84
348	32
344	3070
336	400
342	36056
352	136
338	602
346	12780
342	34
328	6176
348	120
346	4512
340	5488
344	56
334	12596
328	2752
346	756
342	128
336	920
338	1944
332	18924
348	88
332	24998
328	48
340	1720
342	13536
340	288
334	2592
338	928
346	16
334	12
338	600
330	2528
338	1880
342	416
356	8
338	1120
342	1232
346	360
346	2240
338	498
342	1176
334	32322
342	72
342	20
346	16
340	960
340	704
330	452
342	144
340	3216
344	400
338	24
350	60
354	8
334	240
350	4560
356	32
352	96
346	336
334	1210
340	692
340	1630
340	64
332	50
334	2072
330	340
346	288
334	24
350	152
340	114
346	2304
344	160
336	80
338	196
332	724
336	16
346	128
336	20
334	3792
340	12
348	6
350	12
344	48
344	96
330	860
338	1240
342	224
336	7124
336	504
346	608
342	72
332	132
334	24
338	472
346	56
340	12
334	24
340	768
348	72
332	836
342	596
346	8
340	1308
338	20
330	44
346	44
348	1324
340	60
354	160
328	7852
346	144
332	192
340	1686
338	54
344	272
354	168
346	1784
348	216
346	960
352	32
338	68
336	32288
334	1332
342	836
336	132
334	192
336	1008
334	416
342	2592
336	96
342	480
344	240
340	1496
348	144
342	144
336	312
346	80
352	64
336	6000
344	960
344	32
336	4160
338	288
344	12
340	120
340	352
340	372
342	72
336	688
342	56
338	96
342	48
340	96
338	16
336	1272
330	48
346	1552
346	2496
338	2948
346	352
328	288
336	6636
340	448
332	2636
346	3744
342	524
344	312
340	2412
334	2772
348	16
336	72
338	16
344	142
342	384
346	1280
342	4540
344	882
340	144
346	344
346	36
334	168
342	1464
326	320
344	484
336	2448
330	1936
332	352
342	8
344	32
336	21280
334	28
354	12
346	920
332	6752
336	52
344	8
342	10
346	1080
342	392
342	64
334	792
342	6
346	900
334	2686
336	1436
336	20
350	18
336	336
344	2542
332	1088
338	1584
336	144
336	1536
348	60
348	6072
342	112
344	26
338	1514
344	12
334	3136
330	548
350	1280
340	24
342	40
342	48
348	76
336	864
334	3036
342	56
342	3916
348	160
340	30
342	96
332	1176
336	1344
350	220
348	112
334	84
340	64
344	32
332	12
338	8
348	208
336	638
344	176
340	148
346	480
340	4
338	8
346	336
338	6272
346	92
340	84
330	3584
332	544
350	1296
344	32
334	84
350	264
348	2640
332	636
336	168
346	32
342	96
342	30
340	6860
336	192
336	4144
350	96
340	1248
328	2648
342	870
348	240
346	1168
336	416
350	192
336	2214
342	5680
338	8
342	8
348	48
350	4752
342	48
334	7032
350	108
332	9276
334	4540
332	5184
340	384
332	96
354	700
340	72
356	336
340	12
340	376
340	18232
336	130
342	200
338	600
342	1600
350	792
340	384
334	56
346	144
344	104
354	64
334	200
344	572
338	48
336	1760
340	224
336	24
336	2620
346	2316
338	12
338	1794
338	8304
344	102
336	456
336	8
346	2182
338	84
342	96
342	1128
340	72
344	96
336	4
340	2760
334	2232
336	136
330	32
340	1396
338	288
342	24
340	16
346	24
344	96
336	432
340	640
344	248
338	192
340	656
348	6472
344	16
346	120
344	144
342	4238
342	366
346	128
344	1484
338	480
344	264
330	208
336	4820
330	1644
348	1158
348	21568
340	72
340	54
342	576
348	64
346	2064
338	8
332	16
336	1472
336	15408
348	3360
334	816
336	160
334	828
350	48
336	276
344	88
338	512
346	48
354	60
344	616
342	96
348	7008
352	18
346	432
330	572
338	3508
342	3840
342	928
332	12
344	868
344	322
334	16
344	3340
338	156
338	29640
340	144
342	96
350	24
336	16
336	66
330	148520
346	72
340	416
344	176
344	20
346	736
344	864
344	6368
342	144
342	180
340	2454
338	4422
334	1680
336	280
352	604
350	1560
348	48
336	96
344	288
342	2320
346	30
342	32
350	82
330	564
346	1564
344	24
342	420
344	472
346	72
336	3744
348	280
340	642
338	12
334	1484
336	14490
340	136
344	160
346	88
348	120
340	108
350	128
340	1556
348	32
342	340
346	96
342	160
346	1328
334	740
346	12
342	8940
330	7816
338	96
342	1628
334	612
334	32
334	768
342	60
348	880
346	17132
338	612
338	570
336	1676
338	28
340	48
344	360
342	492
330	216
334	328
348	6
340	340
336	144
358	5280
344	384
338	48
348	56
344	5728
338	2596
350	56
334	260
344	244
348	16
350	2256
350	2480
332	5056
338	13104
336	736
340	48
336	3260
330	4280
334	432
360	24
350	1548
328	1134
336	1928
344	648
330	1672
340	516
336	424
342	152
342	19560
330	17900
330	8024
346	284
342	24
340	590
352	2246
350	36
338	5952
340	1536
344	56
344	4
336	864
344	1662
338	48
346	1496
340	7692
342	192
344	144
344	2046
346	480
344	24
348	320
336	248
328	704
342	1152
328	4220
340	342
334	8
338	80
354	186
344	802
340	19296
336	196
342	8
330	64
346	32
334	184
344	4616
340	216
338	40
344	288
340	3788
336	16
334	28
346	1536
350	144
334	3652
338	16
344	7904
344	36
340	890
338	1636
336	1648
346	246
338	32
344	20
350	366
350	2160
332	68
344	160
340	320
336	1976
342	1052
346	1464
350	12
332	96
334	48
342	64
348	60
336	50
348	1136
340	312
340	80
342	64
340	32
342	280
338	15772
352	32
340	24
346	96
336	256
340	350
340	612
348	688
340	2624
352	3300
342	3000
332	864
332	8760
338	598
346	624
334	48
350	288
340	24
332	72
336	416
336	2504
328	56
338	324
336	24
338	1528
332	704
354	624
350	24
336	524
342	1232
338	36
334	2584
338	248
340	96
334	512
350	3040
332	356
338	1760
348	24
342	496
340	432
342	144
342	828
344	104
336	384
334	302
350	528
338	864
342	840
340	3640
348	40
344	8
342	448
336	464
340	22
344	328
346	6520
342	236
340	1888
342	8208
334	1684
334	5322
336	648
340	60
340	16
342	2004
336	768
346	504
338	520
344	432
348	312
342	544
342	1078
342	200
346	36
342	6
336	12
342	120
340	9918
336	180
346	1344
340	9416
342	1424
342	10
344	112
334	916
350	128
342	18
338	196
344	142
336	1344
340	4804
340	16
342	24
342	1152
346	72
340	80
342	128
336	2064
338	960
338	360
352	3432
332	4236
336	584
344	4384
340	104
340	42712
336	352
332	624
346	332
342	24
338	4110
338	256
334	560
350	348
356	72
340	112
338	256
338	12
332	4624
338	52
338	6
334	20
342	200
344	476
338	1728
348	1440
348	124
346	168
342	30
346	496
338	3498
332	942
336	10928
356	352
340	528
348	240
346	120
338	2592
340	6464
348	176
346	456
342	9416
340	480
334	1164
344	72
334	196
336	36
354	168
346	80
332	1200
344	208
342	192
344	1104
336	504
342	104
338	1524
342	2144
340	4700
342	24
338	210
344	128
332	8888
334	84
356	24
338	1504
340	344
340	152
344	160
344	892
336	432
342	56
346	3932
338	1280
348	160
348	128
340	352
338	108
348	4
340	48
338	756
340	120
342	768
334	28
342	166
338	24
350	216
342	402
332	1380
336	112
342	108
346	1536
340	240
336	180
338	2984
334	1520
336	4056
344	1008
340	224
338	144
340	1020
346	1936
338	240
338	1308
334	508
342	10
338	96
340	4992
348	36
350	416
340	43020
340	1680
336	24
338	280
346	64
342	34420
344	254
332	396
346	12
334	2120
336	1156
338	448
338	1280
334	13332
350	96
348	32
344	576
348	8
340	636
336	2944
340	13900
336	8740
332	636
348	356
342	48
338	136
350	5850
334	932
336	6996
330	47552
342	224
340	116
334	88
334	1172
338	2360
344	12
336	226
352	96
344	280
340	144
340	630
330	932
332	292
334	262
340	336
344	240
340	128
336	352
342	264
340	1344
340	64
342	660
348	288
338	96
336	660
340	108
344	128
342	64
344	2280
342	48
338	4524
338	2578
342	12
342	24
348	20
346	504
342	174
342	688
346	160
342	504
340	490
344	72
348	1092
348	144
342	1616
328	6752
342	56
336	484
338	2628
336	40
340	160
340	48
358	40
354	18
344	1280
342	108
342	1728
338	24
332	1136
338	1792
346	720
346	96
342	3788
334	60
346	212
336	712
342	6720
340	4
334	96
336	22464
344	64
344	1164
344	112
330	1944
336	16896
350	216
332	80
348	550
346	654
340	32
334	14
346	240
344	64
350	64
340	384
342	440
338	16
340	320
342	480
338	192
328	60
336	768
330	664
330	80
340	1520
344	432
352	144
342	200
336	84
336	912
348	960
338	6004
332	24
344	480
346	654
340	4564
334	1496
344	32
332	1320
336	16140
344	96
340	108
338	344
338	144
342	14
336	3456
342	1146
334	120
344	816
334	656
336	288
336	456
332	192
342	792
346	560
328	77472
348	288
334	564
340	72
338	460
344	768
344	864
330	1020
342	24
346	456
336	32
342	92
338	32
334	600
342	2022
342	196
336	1296
344	332
332	1156
340	404
338	192
346	1384
346	328
346	504
342	60316
356	8
340	38240
338	20
336	36
344	1562
336	1344
340	72
342	600
348	3340
344	1344
340	164
340	480
340	192
340	768
338	72
346	64
338	12
328	1296
348	128
352	552
350	180
342	112
338	4
352	16
338	60
336	72
346	6160
342	2032
350	64
342	208
336	674
348	80
344	198
348	48
344	432
336	8
336	768
344	1120
338	974
340	39148
344	32
332	324
344	976
338	672
336	160
334	1156
356	56
334	80
340	36
350	24
344	168
340	16
332	336
344	3836
354	13288
348	2208
334	4090
338	96
354	16
346	436
346	432
330	40
340	3576
348	304
348	208
336	576
344	3760
342	688
350	2056
350	24
338	1152
336	5320
340	3038
344	7168
344	24
338	4
336	1088
342	1140
332	512
336	468
336	1876
348	564
346	2
340	496
344	120
342	416
342	450
342	1248
332	78
330	2208
334	2008
344	48
348	64
338	210
336	96
344	816
338	52
350	1252
342	128
336	608
352	1024
332	6944
342	168
334	432
336	3798
334	180
332	7704
330	21854
346	20
336	480
346	84
336	16
338	24
344	288
338	64
348	312
340	244
344	16
344	1020
340	648
340	240
338	120
342	8
338	4648
344	168
348	144
344	1512
340	64
346	256
346	120
340	608
338	64
336	268
342	88
340	816
336	8
350	80
352	224
340	80
334	6384
334	24
344	12
338	6232
340	158
344	832
342	6388
344	208
346	1260
336	760
350	192
346	360
346	3348
338	3264
342	40
340	48
338	72
340	320
340	452
342	40
350	312
338	23038
332	48
340	150
334	16
340	1488
340	592
352	40
338	2248
348	240
346	48
336	24
342	264
336	592
332	520
344	1296
344	32
346	180
350	480
336	400
328	624
340	100
336	432
330	2396
340	40
334	4128
342	164
344	420
344	172
340	406
336	5004
330	1072
338	64
346	720
338	108
344	96
344	336
336	424
344	1440
332	366
338	56
342	2380
342	414
338	2052
334	6874
340	24
346	120
352	58
328	240
334	64
336	360
336	127794
342	72
346	1044
334	576
354	40
338	224
334	36
330	444
338	988
340	24
348	1140
334	384
348	408
344	96
336	8
330	1296
340	182
344	528
346	1204
344	6
332	60
336	11072
346	48
342	16
352	36
346	376
332	358
342	1984
340	16
352	1568
332	48
352	24
334	54
334	3792
340	24
338	4
342	792
330	5888
352	312
338	420
332	536
344	840
338	828
342	48
346	2
344	11076
336	36
336	604
342	2464
348	264
338	144
340	984
342	24
334	8
354	896
342	384
340	16612
344	216
338	26
350	8
352	360
336	240
342	544
344	1344
342	176
344	2568
352	120
340	16
340	8652
340	256
340	14712
340	760
336	192
348	48
338	3720
338	288
338	776
334	1080
340	80
350	34
340	80
342	160
344	302
332	4530
330	7224
346	824
346	448
342	524
342	864
358	6
344	404
342	5952
334	40
338	40
336	120
342	6
350	152
342	54
350	2336
338	12
338	48
334	8
344	576
338	140
334	1440
342	288
342	800
334	182
346	2564
342	12
350	384
338	1488
340	2872
344	48
340	176
348	16
332	5454
336	120
338	2092
340	96
338	1608
342	4316
342	192
338	192
332	84
340	16
338	72
338	1240
340	32
334	280
332	1044
350	264
342	264
328	8
340	4480
338	540
346	576
344	48
340	24
344	196
346	192
346	56
340	80
342	96
338	416
334	6336
334	8908
352	92
344	24
336	1760
358	288
338	80
346	48
346	24
354	1736
336	21814
342	356
344	10
346	128
346	144
346	128
334	768
342	76
338	832
332	1396
340	2088
338	44
332	1016
340	208
336	540
336	84
334	128
348	48
334	7080
342	704
336	2944
340	1644
342	96
342	288
332	8360
336	40
352	64
332	9084
336	110
330	24
340	2008
344	192
338	342
340	1714
348	48
340	40
340	3008
340	4416
338	1936
340	54
342	28
352	4776
336	106
336	3732
326	36
344	384
342	60
336	500
346	12
348	5490
340	14526
346	24
350	644
350	4
342	4816
338	376
338	2776
342	396
346	3360
332	420
338	264
330	84
342	372
340	660
350	592
340	72
348	16
344	48
338	6920
334	32
344	128
332	136
338	360
340	296
342	12114
340	24
342	24
338	104
348	440
336	16
340	220
350	72
348	480
338	480
344	638
336	432
340	1450
336	128
330	384
348	5520
340	180
344	1568
342	464
338	588
338	572
342	220
346	152
336	132
344	288
340	624
342	384
342	176
332	680
340	5568
344	132
328	464
336	68
340	1356
332	7044
344	2080
336	300
332	60
334	1056
334	12
336	336
346	640
328	1224
352	288
340	40
346	24
342	936
346	150
344	224
342	1072
348	360
340	80
340	8840
338	4104
344	414
340	4
342	4550
332	16
338	480
336	10
330	480
336	608
342	144
342	158
332	472
350	2608
336	8762
344	72
338	32
338	240
338	1008
340	44
336	128
348	320
342	32
330	22
342	4
338	364
338	480
342	184
346	80
340	158
336	504
344	1824
340	136
340	4104
340	240
346	760
342	264
342	96
332	216
330	7436
336	356
340	288
348	1872
340	192
342	336
344	1720
342	376
342	125296
346	96
334	5176
338	16
344	648
336	5008
348	80
352	92
348	8
342	192
340	25920
356	8304
340	272
342	132
338	2076
336	412
342	406
350	422
342	368
336	1098
352	8
342	560
348	48
338	156
338	112324
338	4432
338	42
342	400
336	568
344	1282
338	352
342	24
340	15264
342	600
340	88
354	160
344	18
342	7808
328	816
344	96
354	18
338	96
340	2876
338	540
332	510
344	152
340	5000
342	48
336	480
346	48
350	40
338	2120
336	144
344	520
344	16
336	1476
342	64
338	576
338	72
342	396
336	6840
344	344
336	68
336	136
346	64
350	24
340	480
336	72
338	1944
342	136
340	96
336	816
340	768
344	4480
348	512
340	720
338	44
340	240
336	1592
340	6432
346	16
344	1312
344	3648
332	3468
344	280
340	5900
346	120
336	128
346	360
336	288
348	4272
344	7328
340	100
342	228
344	160
338	4536
346	384
344	2576
340	472
340	256
336	3624
346	268
344	168
346	138
340	384
334	112
340	76
356	12
332	9984
338	28616
342	280
334	18896
346	180
344	240
344	124
336	4668
350	36
348	36
340	1364
336	168
342	224
342	8880
330	128
346	48
348	352
342	32
338	2640
338	1432
346	576
344	10712
346	72
336	320
338	144
336	144
336	1496
342	320
338	90
342	288
348	2196
340	72
338	192
332	2776
332	48
342	636
346	180
338	1056
350	32
336	156
342	64
346	672
342	1584
350	596
336	64
338	64
336	192
342	2412
344	520
336	96
346	180
342	2388
338	72
342	56
350	8
340	672
340	336
348	904
346	20300
338	30
336	2334
334	3200
346	8704
338	60
356	6128
330	984
350	280
348	8
348	168
348	192
334	3668
342	28820
344	144
338	168
344	592
350	64
328	5514
332	128
350	144
336	416
350	848
340	240
334	1144
338	1788
342	214
338	32
338	2208
342	32
342	96
330	1978
340	48
342	286
338	768
332	240
340	80
342	32
350	96
334	826
342	18
340	40
354	32
338	120
346	12
340	216
336	5796
340	6408
350	24
348	1112
334	140
350	144
336	48
356	478
340	576
346	96
344	2300
358	2488
346	168
330	1534
346	240
344	216
338	288
346	460
338	2688
334	9038
338	240
336	456
336	9472
342	1014
346	144
346	728
336	2456
336	44
342	576
344	52
342	90
340	56
340	12126
344	160
338	1336
342	3168
340	128
340	32
350	192
342	550
344	384
350	112
336	1104
342	164
346	1200
340	3036
348	9468
340	29568
334	6600
334	54
346	160
334	2088
338	220
332	4712
342	10
340	72
346	640
336	6264
342	8
340	2512
340	144
344	4
342	1720
338	256
352	120
346	88
350	144
356	108
356	8
340	96
338	1518
352	64
344	132
336	928
336	32
346	24
338	56
348	1200
334	120
336	298
342	702
344	2548
338	248
350	40
332	152
336	576
340	208
338	7248
336	96
340	1328
342	32
336	768
330	36
332	72
338	216
344	248
330	2344
342	352
346	14
332	4852
336	144
344	2012
340	224
340	116
342	648
340	128
338	384
344	12
346	24
346	96
336	4182
346	96
338	744
334	3048
338	384
344	180
332	3792
340	32
344	24
336	640
336	672
338	132
336	5588
342	40
336	316
344	526
338	1778
340	404
340	712
350	68
346	8
336	24
340	168
334	376
330	3768
344	256
338	244
338	840
334	424
340	32
342	11648
340	116
356	322
340	496
344	1320
348	64
348	18
344	520
338	76
336	7746
348	36
350	216
348	72
338	12
348	8
340	640
336	352
346	11712
338	16
340	8
334	48
338	24
346	306
344	192
340	336
348	2548
334	80
336	140
338	8892
340	32
344	750
344	96
346	240
338	96
334	18
330	1088
338	8
340	576
332	956
340	72
346	108
336	996
334	280
338	8266
340	40
340	662
344	420
342	432
360	24
338	384
346	80
336	96
344	480
334	18712
346	60
342	12
342	12
328	540
332	114
334	304
334	4920
338	29728
340	4048
346	4872
334	1212
332	1344
342	504
340	1890
332	13908
346	48
336	48
346	8
340	144
350	48
338	1444
342	1122
344	64
340	32
340	1360
344	3696
340	8
336	6328
334	1552
336	16
334	12664
340	1430
336	330
346	576
336	432
338	40
334	5304
344	32
332	1080
344	16
354	216
344	86400
336	312
336	18240
338	572
334	38
330	128
344	338
340	32
340	192
350	56
336	32
342	176
348	20
332	3818
340	624
340	108
340	128
340	24
350	264
346	120
350	144
340	60
334	1488
340	190
340	200
340	8012
330	1712
340	108
348	16
344	704
334	400
348	4
342	1580
336	4186
344	756
346	16
342	2384
340	184
338	750
342	32
348	128
344	9560
330	3436
348	19500
336	7138
340	112
336	48
328	204
332	3248
346	7280
342	704
332	404
338	5976
342	8424
342	12
338	96
348	8
336	144
338	996
342	72
336	320
354	2160
344	336
338	384
340	392
344	128
340	47782
348	12
338	540
336	1068
344	40
336	7528
318	3994
332	6208
330	16
336	1088
338	32
342	3392
332	3630
340	264
342	32
346	288
348	48
340	2304
350	336
346	612
342	24
344	72
340	176
348	1920
336	16
348	144
342	12
336	216
330	6712
348	192
340	16
364	12
340	24
336	48
338	1376
342	600
342	1632
336	592
350	32
340	136
340	72
334	516
346	676
340	64
338	576
346	24
344	48
334	52
334	8892
342	6
338	12844
348	4
358	336
342	1504
334	64
338	36
344	1024
334	40796
334	10834
336	36
338	140
340	232
332	6
340	64
344	240
342	308
340	372
338	800
334	616
342	448
346	128
342	1008
342	64
336	40
340	172
354	64
340	80
342	68
340	180
334	4518
348	128
336	100
346	3878
338	270
330	740
342	900
330	30
340	658
332	116
334	384
336	784
328	112
332	372
340	1776
340	184
336	2168
338	224
330	398
346	1440
330	672
350	66
348	24
350	4128
342	2720
336	432
352	2560
342	45312
346	28
346	720
348	144
348	96
334	96
340	144
338	3648
336	252
350	256
342	3360
330	136
334	20
348	192
340	30
346	1752
342	3840
342	100
344	200
338	3072
340	128
332	646
332	64
342	384
328	9674
338	80
338	232
342	900
338	3416
344	528
332	192
344	32
342	208
338	576
342	4
346	48
334	24
338	260
340	520
342	1800
336	8872
338	1024
342	544
342	696
350	16
338	284
334	160
342	48
354	12
342	576
346	322
344	488
336	32
340	1440
340	620
338	1756
346	78
336	550
342	96
352	660
338	32
334	96
338	2512
338	1184
338	52
338	66
340	112
344	1200
332	324
342	696
336	424
346	3288
346	15648
338	288
332	20
332	120
344	720
334	1264
350	32
342	4792
342	288
342	80
344	792
334	5060
352	180
338	72
334	24
344	24
336	72
332	2
332	204
354	192
346	192
338	1200
342	2674
346	20
334	288
338	256
342	6736
338	952
346	84
338	2376
342	592
328	30398
338	520
356	74
342	756
342	1632
342	400
336	130
334	1592
336	392
350	36
330	72
338	17700
342	216
346	32
348	3968
346	90
336	32
346	800
338	160
340	38224
344	640
360	4
348	360
332	88
338	744
340	3608
348	200
338	1140
338	304
350	266
336	288
342	96
340	8
338	1280
348	528
330	6764
346	64
334	28
332	5640
328	120
338	1832
344	1440
340	24
360	512
350	128
346	176
356	128
340	280
340	640
344	584
342	1020
342	264
342	1408
332	96
338	4
342	184
340	20
342	1580
336	220
338	36
350	1008
358	12
330	1432
340	6948
342	540
334	1368
338	64
330	8
340	144
334	32
350	1648
334	480
332	3248
340	538
350	72
338	7648
342	864
342	25442
332	16
350	60
342	1776
332	764
342	92
352	1530
336	172
334	432
350	648
334	128
344	80
340	24
342	240
332	10240
334	1480
342	2284
350	1416
344	576
350	540
350	16
342	312
340	332
340	40
340	1344
336	392
336	56
338	7680
332	4384
344	90
338	256
346	28
336	4012
340	4
336	48
348	4
342	4384
342	1032
338	1240
336	272
346	1056
344	4
344	1584
346	12
338	94
344	12
338	356
346	3700
332	5814
346	736
336	648
338	72
342	2340
344	24
342	84
336	504
346	368
338	336
340	512
342	176
360	60
334	468
350	16
342	72
342	600
334	3972
344	352
344	200
340	1488
348	480
346	112
338	450
332	3360
336	3264
342	256
342	320
346	240
342	168
350	17280
332	24
350	924
346	16
344	440
348	920
334	892
338	484
346	128
348	56
338	5184
344	96
338	1140
336	120
336	824
338	2296
340	32
338	2664
330	444
338	152
330	962
338	156
342	1524
342	80
340	48
340	84
334	4400
352	72
352	1848
338	10920
340	936
346	4
340	12
334	200
336	608
344	18
330	144
344	368
344	56
328	32
338	2604
344	1184
338	256
340	720
338	120
340	84
336	1112
334	40
344	688
344	8
356	30
332	6396
340	264
344	512
334	818
340	24
334	4636
350	720
334	400
330	800
336	1080
344	4130
342	336
332	24
342	22416
338	22680
350	12
344	120
336	224
334	6912
350	26
348	504
346	864
344	144
336	6
352	6300
342	56
340	588
340	88
340	1112
346	560
332	864
348	192
344	384
334	192
338	68
346	4032
336	318
334	4598
342	280
338	4752
342	18144
336	2660
354	424
344	510
346	1312
342	264
330	8432
334	424
344	2542
342	1400
344	48
338	1220
334	18
336	288
346	140
336	420
346	480
338	24
350	24
348	32
346	32
338	2026
338	1920
342	36
350	560
340	1024
344	280
340	472
338	4686
334	1140
334	5512
352	1248
338	108
340	330
332	1536
340	24
336	240
340	120
350	4256
344	320
344	48
346	124
336	25292
348	96
344	440
346	64
340	152
336	1964
344	88
338	128
338	5104
342	5824
350	1696
346	272
338	12864
334	2976
346	9136
346	160
348	400
334	13904
338	256
334	3168
348	400
336	12728
336	25764
336	13688
358	180
350	64
340	216
336	312
352	636
334	284
342	776
340	80
352	632
340	308
350	528
336	216
336	7408
330	168
342	256
336	5404
340	2096
342	232
328	204
336	5576
338	976
344	24
332	608
340	440
342	936
348	12
332	5426
346	504
336	24
344	72
336	468
334	520
336	120
348	24
340	672
336	100
332	7800
344	13024
334	72
334	488
348	96
340	684
340	64
340	120
340	12
342	152
354	1568
340	312
336	160
348	192
332	4896
340	4236
344	60
342	248
334	2068
342	28
342	1296
360	60
336	15486
338	1028
348	5232
340	384
342	36
344	1296
336	292
338	384
334	1202
342	116
348	916
344	438
352	4
346	12096
348	8
348	2160
342	136
350	16
340	4884
342	7786
336	236
334	128
328	672
340	2104
340	240
346	1728
340	192
336	1240
338	924
346	4262
338	108
334	1936
328	112
338	392
346	28
344	380
340	576
338	20504
344	64
330	7184
346	2480
332	3118
338	400
356	210
348	8744
346	24
344	56
338	1180
336	12
342	48
340	3136
346	3960
332	4600
334	576
346	216
332	4864
336	420
344	8
344	48
340	2
334	14370
342	3744
344	32
342	2
340	1728
342	684
340	50
340	1296
332	872
340	48
336	80
338	108
342	244
346	24
332	2424
344	720
336	1584
340	3192
344	84
338	640
338	16916
344	88
342	2448
342	3168
338	1584
336	7904
344	704
350	696
332	1816
340	258
344	4
334	312
334	5472
344	6
336	328
334	252
336	2644
334	1320
336	288
344	12
344	576
340	12
334	1076
344	4500
350	532
346	1344
340	384
344	4
336	912
332	6672
334	432
332	300
350	64
340	84
332	284
328	2612
334	3924
340	528
334	1968
340	4080
338	652
340	46
338	840
336	1536
360	550
336	2256
340	96
344	272
340	6072
344	32
354	1632
338	48
344	390
342	352
346	4520
336	46
342	992
338	240
352	1664
352	1080
350	374
344	354
338	2368
348	1848
340	576
344	120
340	2090
348	456
332	7312
350	5856
336	280
336	360
346	16
340	192
336	1128
336	80
330	4944
340	384
342	48
348	2124
340	6728
336	32
338	100
344	6
340	328
348	96
338	360
334	400
354	48
340	11452
336	19600
336	22
338	8
330	320
346	80
346	32
338	12
336	14
342	24
336	120
336	480
340	26184
346	96
338	408
340	12
342	84
340	48
342	2368
346	4
350	32
330	6748
334	1354
340	624
332	3216
346	104
336	144
344	372
340	1896
348	16
340	376
340	120
334	3040
336	2176
348	128
324	1902
336	636
342	5376
334	896
346	320
338	480
334	8
328	16
350	384
344	2328
336	748
352	24
336	1410
338	24
336	1040
336	156
354	112
328	780
338	496
340	1500
336	32
340	24
338	84
336	41412
338	96
352	96
346	3600
338	39904
348	1080
336	54
348	160
336	792
336	732
340	9360
342	3540
338	8
346	24
338	2992
340	1056
344	3288
332	400
342	144
346	288
344	96
338	48
338	280
336	128
346	7104
338	4
342	3184
340	1668
344	48
352	60
344	2560
344	184
340	1034
336	288
336	162
328	520
338	920
346	96
330	47136
340	16800
346	32
338	192
336	160
350	80
334	210
346	750
336	340
338	48
340	24
344	10944
330	184
336	1152
346	24
340	96
338	1666
336	4104
342	432
340	320
340	108
332	832
336	1024
344	192
336	3600
336	736
344	11456
340	584
344	108
342	112
344	96
338	72
344	44
346	2496
346	912
342	24
346	180
338	1672
346	12
338	7488
336	64
338	10520
338	3200
342	168
336	72
334	140
334	1168
344	80
336	192
336	132
336	356
338	21656
338	1536
346	10
342	998
348	408
330	816
340	1552
342	2564
346	204
332	776
330	48
338	146
340	392
360	176
332	3168
340	10560
338	64
324	5818
356	1176
342	960
344	24
338	96
336	1448
338	384
336	32
340	80
340	6
340	96
328	8060
342	40
340	256
350	32
336	2312
338	24
344	360
346	96
338	276
342	1728
346	180
336	1008
334	736
338	12
344	11008
354	270
344	288
342	228
340	3176
356	760
346	312
338	5280
344	320
332	16784
348	24
344	384
344	1240
334	846
340	1120
342	252
334	1032
346	8
338	320
338	54
340	472
332	72
344	4688
340	744
328	1376
340	4032
340	48
344	496
334	768
338	48
346	160
340	1036
330	424
342	304
336	1744
346	78
344	180
340	312
340	96
338	72
332	48
338	192
338	216
332	80
342	3880
338	432
338	4188
326	3168
344	432
338	272
342	100
336	548
334	23640
342	96
340	3504
352	16
330	224
338	424
342	648
334	144
336	8384
340	1116
342	864
332	1700
332	114
348	192
344	784
338	40
354	88
340	496
346	168
352	16
348	528
346	528
350	60
342	440
336	24
354	24
336	1104
340	440
338	32
338	96
350	256
336	336
344	170
342	1176
338	20
338	192
340	208
344	16
342	1952
330	24
332	704
340	784
328	5226
346	296
344	280
344	16
352	1984
338	1260
336	112
342	12528
340	112
336	106
336	460
340	1100
334	848
344	1352
342	16
342	88
346	320
346	32
340	2332
340	256
356	36
342	176
336	348
342	4896
340	336
336	416
334	60
344	60
336	1808
336	688
336	102
342	2112
348	336
350	290
342	4
342	144
336	8
342	3456
348	144
342	12294
336	72
342	290
346	192
338	460
336	9768
344	336
342	1728
344	1414
344	704
344	40
334	8
330	676
350	216
346	1728
338	10604
342	812
346	10800
342	120
332	48
338	3632
340	240
336	1200
338	592
342	7082
346	150
344	3088
348	8
334	64
340	64
358	80
340	228
336	960
342	1440
344	240
344	28
338	3584
344	1888
332	672
336	10252
338	264
340	216
344	596
346	48
338	32
334	5144
338	1472
338	784
336	43676
344	20
332	96
342	672
342	208
332	16
340	240
352	18
338	32
340	180
340	40
340	216
342	1666
342	936
338	168
340	36
330	106
356	40
340	342
344	1152
342	536
338	1152
348	192
338	1040
338	240
344	480
334	552
338	40
350	36
340	112
356	192
334	3704
344	234
338	496
350	440
342	72
348	16
342	40
346	168
340	32
350	96448
350	64
336	332
334	216
354	48
346	3016
354	364
334	1056
334	5300
338	18352
342	160
342	520
336	74
348	1176
342	3706
346	24
340	288
336	164
336	414
344	3024
332	704
342	536
350	56
342	444
338	6196
340	336
344	608
346	16
326	2790
338	120
340	352
348	94
334	4940
338	8
344	3732
338	572
344	216
344	2210
336	16
336	126
332	50
348	192
346	256
346	232
354	12
352	14
340	924
346	120
342	440
350	32
346	212160
342	640
336	47854
342	204
334	84
336	1164
340	24
344	196
338	80
342	96
346	320
348	62
346	348
342	560
338	548
342	7812
344	16
336	1008
332	4128
342	9440
342	340
338	22066
344	204
332	2668
356	12
338	14464
346	64
332	216
340	1120
344	96
342	3456
340	640
338	876
342	24
358	96
342	984
336	976
338	248
334	49504
344	364
340	1266
332	68
338	440
338	96
332	688
344	216
340	432
340	64
344	48
344	624
334	748
340	576
354	44
340	2408
346	4032
330	2552
346	16
340	640
346	480
338	1752
338	2988
338	88
344	8
330	64
350	48
346	32
340	1192
332	1876
344	3240
342	144
338	48
336	32
334	318
344	102
332	380
340	240
344	40
330	112
342	484
344	1944
342	80
354	128
336	1520
340	256
340	184
350	624
332	1140
346	4536
338	72
350	96
348	190
350	80
346	56
342	726
336	1584
346	64
348	66
336	544
336	8
348	12
340	112
342	512
346	7128
346	2560
334	128
332	5960
342	156
342	732
336	30
348	300
348	8
338	20
340	244
334	4624
336	24
338	28
334	672
336	2072
350	192
344	24
340	108
338	48
340	26
338	64
342	3900
340	80
330	128
348	796
336	1108
350	4
326	7628
342	420
338	96
346	16
334	166
342	416
342	5016
344	416
344	2848
336	1776
334	48
368	24
348	32
334	3040
340	3444
332	1768
338	2736
332	44648
332	316
338	460
338	8
340	10
338	192
338	2004
340	384
334	66
346	10
342	10
342	96
338	252
332	24
336	2512
338	684
348	224
336	560
346	96
342	20
346	1492
346	1376
348	2156
346	224
334	96
346	24
346	9056
348	8
336	40
342	21148
344	1360
342	840
340	8760
342	64
342	26
342	60
334	96
334	96
352	48
336	480
336	168
338	1928
348	16
334	3908
340	1424
340	104
344	72
344	24976
334	9792
346	6
336	1116
342	80
336	200
356	96
342	43856
338	660
346	80
346	4
338	184
334	80
334	1280
342	4560
342	168
336	192
338	64
342	72
336	92
344	72
352	192
344	49200
340	72
340	432
334	1920
338	1160
332	672
332	210
334	85816
340	32
348	234
346	256
340	172
346	1016
346	14984
342	224
336	324
340	1144
348	16
340	2272
336	1416
336	148
340	34780
336	4232
352	324
334	1184
344	1296
344	96
348	944
334	224
342	72
350	8
340	112
350	12
328	60
340	32
336	568
344	12
342	52
346	234
344	36
334	394
342	3024
340	720
342	400
342	112
346	48
330	13388
332	168
348	240
340	1648
340	2028
340	32
332	360
338	168
348	700
336	16
338	568
332	352
342	752
336	420
346	36
340	144
342	108
336	776
338	3616
336	260
342	39418
340	1344
338	16
336	216
340	672
332	194
344	4
340	40
334	16
334	84
336	262
340	48
332	68
340	2098
344	792
350	6
338	384
356	48
344	1620
336	268
344	176
338	1104
338	120
340	544
346	960
348	152
350	528
336	88
346	1362
344	400
352	120
338	184
334	288
342	128
336	858
338	9198
346	2196
336	25228
342	56
334	32
334	384
328	576
350	220
346	84
340	52
336	580
350	2244
342	180
332	264
332	56
350	216
340	1608
350	16576
336	8184
338	336
332	432
338	3900
340	24
338	132
342	224
340	16180
350	90
348	112
346	4
340	8
340	2032
334	576
344	24
346	320
344	768
332	25824
340	94
342	32
342	792
338	1784
344	660
342	16960
330	940
334	228
342	144
344	450
346	418
340	520
342	378
336	72
340	32
340	140
338	632
340	840
340	484
328	236
342	72
342	88
334	2688
334	72
338	1216
348	360
350	480
340	72
336	20
350	64
344	528
342	4624
332	3120
342	432
346	64
352	36
340	4632
340	544
340	96
340	40
338	304
332	7612
334	64
342	200
336	336
344	20
340	580
348	64
340	240
340	1182
342	4
344	312
350	24
342	19200
342	280
342	48
334	36
336	142
344	210
340	128
336	132
342	216
340	2648
340	64
342	3248
334	24752
334	302
340	336
336	672
348	2304
348	588
340	80
348	216
330	100
340	96
346	48
346	996
344	132
332	1518
350	732
338	36
334	504
346	1136
342	276
338	150
348	612
338	32
342	2080
342	410
332	390
344	680
346	2448
336	144
342	48
346	16
338	112
342	54
336	5738
356	48
352	52
348	8
340	428
340	48
330	1090
330	1056
344	160
346	2208
342	392
346	48
344	2000
338	242
338	3672
342	1304
338	200
342	290
340	168
340	764
344	1016
340	1848
336	360
338	896
340	424
338	24
338	624
346	24
340	840
338	356
344	1032
338	1160
334	608
340	680
334	720
332	2976
346	32
344	16
338	432
344	1836
350	60
340	736
346	9568
344	284
336	3832
346	13992
336	1548
344	36532
328	280
342	2640
332	1548
348	192
338	6760
342	8
354	56
336	216
334	66
332	48
342	24
338	1488
348	516
338	12
336	264
340	1030
338	8
334	214
342	352
336	146
348	192
332	76
336	48
332	4140
348	1472
344	100
344	1536
338	4368
348	56
346	8064
336	192
342	216
340	352
334	18
338	120
352	48
340	252
340	16
350	20
336	968
348	792
328	32
338	228
336	81892
342	102
344	256
338	3456
342	1200
328	3838
336	8
338	4266
348	480
338	384
338	960
332	128
332	44
340	142
350	616
344	20032
334	3912
350	16
336	2320
338	16
338	856
342	96
328	396
344	456
336	20
344	1256
354	224
332	48
346	60
336	3032
336	352
334	1056
346	88
344	288
338	20
342	2400
338	1136
352	72
340	56
326	1728
332	1288
352	320
338	1344
340	1766
340	252
338	888
340	312
344	96
344	5440
338	1200
338	296
340	10
344	288
336	2860
342	18
342	4
342	16
340	24
338	2466
338	80
342	36
334	6688
344	20
342	264
338	326
348	1044
338	152
338	2272
336	312
336	4024
336	1280
330	2024
342	1094
348	576
338	4
344	24
340	18396
340	80
342	5016
342	2608
338	6696
344	288
342	274
352	64
344	3620
346	24
344	352
342	16
344	8
344	56
346	180
340	144
348	16
332	840
344	1352
338	64
340	384
338	416
348	256
340	20
338	44
342	652
340	2804
338	246
332	2692
346	700
338	576
332	2600
338	468
340	48
344	456
344	12
350	40
342	2496
338	376
342	44
336	216
340	178
330	46
342	468
342	64
332	960
334	120
338	24
350	9776
350	104
340	32
336	1248
344	48
338	88
338	152
334	5376
338	62
344	1656
352	2170
344	1392
346	20
350	3124
336	2768
338	12
342	192
332	216
336	2100
350	1288
350	48
342	768
338	148
340	2180
340	216
338	64
342	8
336	16
340	404
338	10
350	1080
338	96
330	2880
332	420
336	84
344	2304
326	60
342	9488
342	30564
342	128
332	4628
334	256
338	32
340	740
346	492
334	852
342	750
340	432
344	2160
328	1502
336	80
346	16
348	28
332	168
338	128
336	1372
358	16
350	20
346	16
342	156
334	30496
338	10
348	792
334	1408
338	64
336	184
340	4
340	880
330	4916
354	24
344	1912
358	12
332	512
338	856
342	176
352	4028
344	544
330	2082
346	1252
338	4
336	3276
346	40
334	18144
336	12
342	48
346	168
340	1744
352	108
342	294
342	24
334	9882
338	10976
340	24
338	216
348	2160
338	8124
336	576
344	1656
330	24
342	3064
334	2480
334	6446
340	44
334	72
340	168
338	6
348	432
346	64
346	70
330	476
342	92
350	24
338	7038
342	432
342	2672
338	48
340	112
344	72
338	252
342	1624
344	2344
338	280
342	200
342	468
336	120
330	96
338	8160
344	5616
328	1752
340	220
344	528
354	36
334	7652
336	6304
346	2834
344	152
344	48
348	72
348	544
352	240
346	288
342	1344
346	3464
356	104
338	12
338	3262
342	524
340	1040
342	9028
334	180
338	104
340	148
338	24
344	848
348	4
352	16
340	1568
332	48
340	62
336	600
338	2448
336	180
344	152
344	6264
356	488
342	104
342	1200
340	7228
346	40
348	24
342	10292
342	288
344	160
338	29568
346	200
342	4448
342	8
350	624
352	40
348	8
348	10648
340	189672
338	5850
332	1980
330	9304
342	304
346	248
338	1152
342	352
342	96
344	3600
338	1860
332	2216
336	288
334	1972
356	84
344	16
338	64
346	464
336	1416
340	4368
340	720
342	78
342	40
340	464
344	1054
342	20
344	3832
334	112
346	60
344	232
356	568
344	144
342	40
346	8
350	48
344	56
340	48
334	24
336	94
354	2
340	52
342	2434
332	16
338	504
346	832
334	2880
336	8
338	1296
344	1024
332	1068
342	108
344	128
346	504
344	48
340	16
334	104
346	1740
344	336
342	1700
340	116
344	432
346	31124
344	108
338	648
348	182
330	1224
338	1000
340	800
332	1642
332	834
340	96
330	96
344	718
340	624
340	396
346	6552
340	220
340	36
348	192
332	24632
338	2424
340	21192
344	48
336	11056
346	600
334	90
352	392
352	18
336	2278
336	1020
340	48
334	180
342	432
334	2400
334	1774
342	234
342	2448
342	1896
340	100
340	48
334	2906
348	32
342	12
340	8960
348	256
336	1288
346	96
340	20
344	24
340	226
338	7042
356	32
344	160
340	3674
344	44
352	32
344	9584
342	672
352	160
336	1160
338	112
346	512
344	520
342	16
344	128
342	128
334	4
346	960
336	56
332	360
344	192
352	528
334	264
340	352
344	160
338	192
342	1140
342	192
336	2264
342	504
340	672
344	86
342	1400
344	600
328	7640
338	800
346	160
338	160
334	408
338	8944
346	7208
340	96
336	216
342	976
346	240
338	200
346	48
338	76
332	17456
342	1032
342	5280
352	192
338	16
342	648
344	9084
342	588
342	360
334	224
328	30
334	4312
346	1792
332	1664
344	40
334	6744
348	670
340	1944
336	4536
340	24
344	216
338	1044
348	264
344	12
340	96
340	24
338	40
340	224
340	408
340	96
346	528
334	1356
344	18
338	6
348	2772
340	12
344	444
344	16
344	208
334	2460
342	55664
340	112
342	188
348	1792
336	168
348	160
346	132
342	12
336	14838
352	216
340	252
346	160
340	12440
336	384
338	816
344	320
336	24
334	880
354	208
334	520
338	2010
340	680
348	4
340	4368
340	48
336	1072
340	24
340	168
338	16
338	128
340	256
334	48
348	620
344	5062
346	1712
340	220
334	64
336	208
336	3480
348	1260
336	2496
342	864
348	360
336	5112
336	6528
338	48
342	160
344	192
338	156
346	64
340	12
338	54
342	276
334	1248
342	512
334	6416
340	168
338	2832
350	96
340	32
340	1392
346	72
330	252
346	432
332	96
346	304
336	1690
348	96
342	4
352	3168
340	1280
338	376
348	480
342	8
344	5440
348	64
338	9688
336	4
342	960
338	12
338	128
336	12
350	66
344	338
340	234
342	20
346	72
334	3100
342	144
352	760
338	2800
348	16
334	144
342	76
344	24
338	240
346	166
338	1698
332	36
340	676
342	344
346	5508
342	480
340	132
350	112
342	576
340	1280
350	8
338	444
346	504
338	60
344	432
338	2436
330	88
344	1704
348	1380
346	276
334	118
342	144
336	618
332	288
340	96
344	1504
332	1788
340	23220
338	288
336	160
350	84
346	3168
336	1480
330	1782
342	192
340	36498
344	60
342	108
330	416
344	116
336	168
336	12
342	384
338	4036
332	3972
338	896
340	24
342	1472
340	24
344	132
344	336
340	1332
338	336
340	204
334	7608
340	540
338	48
340	7406
338	576
342	20
340	160
338	3128
334	448
342	20
348	288
348	564
348	510
336	476
344	3584
340	72
340	96
328	586
342	444
342	96
332	760
336	384
346	32
330	16
346	3120
334	288
330	1600
338	64
332	356
332	512
336	256
328	204
348	76
338	5504
324	3480
338	480
344	640
342	448
336	8532
340	240
340	252
334	192
342	48
346	8
342	100
338	48
330	5850
342	200
352	716
340	1056
340	16044
346	864
338	176
334	400
346	1038
344	464
342	970
342	14904
348	2800
336	1000
340	28
338	80
346	240
338	20
340	126
348	96
338	536
334	288
336	660
348	156
338	3060
338	1836
340	1072
336	1134
348	36
330	12
336	328
348	192
340	600
342	1980
334	880
332	16
338	2352
334	6692
338	160
350	1368
334	29178
342	72
336	176
348	3480
340	176
334	1092
336	10112
338	2398
340	9040
340	120
344	768
356	288
348	72
334	2020
346	2104
352	96
342	720
330	72
340	1346
338	4264
336	3692
342	96
338	1008
338	756
344	1344
338	862
340	212
344	1168
340	144
336	4
332	184
344	624
340	3888
332	2756
334	7216
350	280
340	900
336	144
346	4640
338	392
336	384
344	168
346	120
348	162
340	172
336	1916
334	3660
334	16
342	240
342	1804
350	384
344	4080
328	2480
348	118
348	80
348	288
352	238
342	10200
340	568
344	36
338	532
340	1830
340	16
338	96
350	104
340	120
342	88
338	12
332	1088
346	168
334	192
340	8
330	20
334	144
338	5492
342	88
334	2512
344	152
342	104
344	376
338	60
338	72
348	16
350	520
340	124
344	644
344	552
342	8
340	144
340	268
326	13168
336	1224
338	208
334	208
342	2160
336	248
344	3240
338	224
336	1926
342	168
336	132
340	558
342	96
352	68
338	56
350	12
338	48
330	13624
340	4320
332	108
336	176
346	160
336	4846
342	6352
348	68
348	76
340	1410
344	60
344	302
344	3960
338	8440
338	592
336	80
342	156
338	24
354	21384
340	40
342	96
344	32
348	160
354	178
336	1312
336	148
338	96
336	360
336	108
336	176
358	64
346	288
334	342
332	2016
334	18
334	856
340	326
344	1136
328	1704
342	256
342	24
344	1296
334	196
332	96
342	88
342	48
346	408
344	40
332	6744
344	96
348	96
336	3316
340	64
344	128
346	280
338	32
334	1832
344	20
336	6474
334	2286
352	48
336	3056
332	17536
340	132
334	816
338	360
346	24
348	576
342	96
334	176
334	48
334	144
342	2366
336	1788
336	2664
336	384
338	5280
352	400
344	708
334	864
352	136
334	460
342	1568
350	8488
348	1528
342	32
334	4136
344	90
344	486
328	576
338	1728
336	20064
338	284
336	80
330	1488
332	946
342	216
338	208
350	48
342	288
344	96
344	224
344	72
336	864
346	96
348	66
340	162
338	1584
336	748
336	154
336	380
342	104
342	576
346	80
346	164
336	240
338	204
340	48
346	76
338	48
334	34676
330	462
342	48
334	876
338	80
336	72
342	4450
336	180
348	32
344	56
334	240
352	208
348	1124
342	2608
352	200
346	12
342	1334
340	560
346	8
346	1392
332	7200
344	26
334	20
338	136
348	1152
348	4
336	5152
332	13216
340	176
342	152
340	32
340	32
342	128
336	240
348	20
336	14760
336	1352
350	140
340	112
336	214
336	664
344	16
336	192
344	1872
342	110
332	120
342	744
344	144
350	44
330	1814
342	552
342	90
342	4176
342	4
342	12
352	456
346	48
338	480
338	208
330	3012
334	472
344	528
342	12
352	8
352	48
346	4392
348	14
338	254
346	340
338	938
342	236
338	16416
338	300
342	216
340	160
340	16
336	1248
340	576
356	8
336	240
334	64
338	6
342	8
346	130
340	72
340	72
344	448
330	60
334	96
346	40
342	96
346	56
340	16
334	548
338	48
336	1336
348	112
340	6024
348	392
336	80
340	48
336	140
344	5520
338	12
336	14672
354	192
354	720
346	3312
348	2
340	1504
338	60
340	1026
330	13920
326	258
344	512
334	4920
346	1088
334	192
336	96
336	48
340	188
350	828
332	1250
338	6416
342	1124
338	24
334	144
342	144
348	4908
344	288
344	48
342	1260
344	336
336	4142
336	9308
346	8
336	688
340	432
340	72
332	3936
344	230
334	704
344	26752
340	7384
334	10240
342	20
340	1248
336	2272
344	28
336	832
342	72
336	536
328	1816
338	1828
336	3448
348	112
334	6464
342	30
344	80
346	144
344	48
342	84
352	360
332	28288
346	1600
348	2328
352	16
342	32
330	920
338	488
342	160
350	64
342	138
346	320
350	792
326	4384
338	12
340	2520
338	1862
340	752
338	12
338	160
330	88
344	216
340	448
336	5160
340	112
342	448
338	104
348	276
338	588
342	152
338	64
344	16
336	248
332	512
336	1376
338	116
334	344
340	1262
340	288
354	80
334	1404
348	144
342	16
344	2676
342	416
346	312
338	1504
342	40
336	2176
334	1382
352	2064
342	48
336	40
344	212
336	26136
348	528
346	96
340	576
346	64
332	2120
350	224
332	688
340	64
338	1056
340	6672
340	256
340	288
342	3456
340	360
340	328
334	7208
342	2800
336	656
348	120
346	192
344	200
338	240
344	1488
350	24
340	1168
346	52
336	132
342	1296
344	272
338	16
334	30
342	3080
342	9644
338	1644
332	480
342	1944
352	48
340	6144
350	32
352	88
344	44
350	324
344	32
346	180
350	180
346	3024
344	976
340	192
340	96
344	228
332	5280
336	1200
338	2
348	6
330	284
334	1756
342	10400
340	8
334	8140
338	96
338	2688
342	184
346	27506
330	384
338	36
342	332
338	12
340	232
342	20
336	32
354	48
354	40
348	912
336	216
336	162
336	1104
356	576
344	24
348	64
336	80
332	21438
340	6
336	160
350	96
334	48
338	48
334	124
346	96
338	552
332	1448
332	928
334	1696
342	200
336	20
348	2914
336	432
342	6
332	570
336	456
342	24
340	4
350	1080
348	888
340	8
346	3534
326	1192
340	320
340	8
358	24
338	32
356	128
342	142
350	192
342	68
350	36
340	588
340	672
336	30
336	16
338	1056
342	12
336	876
342	144
338	120
326	1000
336	24
340	288
328	2938
338	32
344	14584
338	60
334	1584
340	4896
334	4
340	612
338	1280
336	26296
338	1268
334	588
342	28
326	8684
346	20
346	18
338	33608
342	448
344	31912
356	312
342	432
342	1472
342	456
340	76
330	504
342	8
342	88
342	40
340	28
342	224
344	2112
346	8
352	344
342	288
342	60
330	24
326	20
346	168
336	344
342	1920
330	474
350	1536
334	864
340	80
336	384
338	134
342	252
340	200
344	420
340	720
348	408
340	40
348	72
336	72
350	48
334	22776
346	144
342	288
346	10620
346	288
340	240
344	8
342	144
356	48
358	192
336	1208
342	16
338	2368
342	1520
342	3020
332	908
344	1062
336	56
336	1440
334	3168
328	400
336	648
338	18
332	18528
352	24
336	636
342	384
344	312
344	4320
340	1920
344	1440
338	1716
340	228
348	144
336	1440
338	64
336	24
342	556
346	212
358	232
350	1728
340	432
340	2688
342	1608
334	200
336	234
344	120
332	160
328	158
344	552
352	48
344	144
338	64
342	1440
338	120
344	112
332	338
340	144
334	6682
344	24
336	192
332	30714
350	1064
344	48
328	4336
334	96
340	1070
346	208
350	12
344	5712
350	128
334	144
338	544
352	128
346	112
340	192
340	2012
342	24
352	388
340	2312
350	640
348	8
334	1624
334	5024
344	240
346	8
352	8
350	2988
334	8
338	1072
338	2004
350	80
330	224
346	340
342	576
350	32
338	192
338	6912
336	11480
340	182
342	48
340	18
342	352
342	24
336	3336
352	6
342	4
346	1584
340	96
338	16
334	10752
328	8984
338	1020
346	96
336	6552
348	512
338	216
334	1576
344	36
342	20
336	76
340	12
336	312
334	414
344	42
336	4892
338	60
338	72
346	160
338	248
344	24
332	4
340	624
348	48
332	800
334	56
342	312
322	768
340	1464
336	224
340	32
340	48
344	264
344	1264
334	332
338	892
334	12
330	364
344	7264
332	32
336	1152
344	304
340	2816
344	22
342	72
342	16
340	228
348	32748
342	388
338	248
340	4476
336	240
350	480
324	9612
338	2024
346	144
342	792
336	4480
334	1064
342	120
340	344
350	4684
336	18
340	7648
348	624
346	336
340	2324
338	120
338	490
336	240
332	168
346	28
348	32
338	228
346	16
344	2560
346	672
342	448
344	138
346	16
342	16
342	1240
334	1152
340	26352
338	1024
338	1092
346	1296
336	1512
348	880
334	260
342	96
336	864
338	272
336	60
350	32
346	770
340	64
334	368
328	468
350	120
346	32
346	48
340	80
338	288
342	5852
334	2424
344	960
350	72
338	180
346	96
344	2136
344	3120
336	1312
332	96
342	300
340	160
330	56
342	2088
344	4962
352	102
342	2130
354	56
340	200
334	168
340	30
340	320
344	1408
338	360
346	6080
340	272
334	924
340	756
338	192
344	144
338	172
340	864
356	24
336	1440
340	22
356	960
340	152
346	494
338	20
334	320
346	5704
338	312
342	72
338	4056
344	2112
342	15630
336	3848
344	16272
340	16
342	24
340	7848
340	1968
334	50
344	360
354	12
338	252
338	288
346	4200
332	54
332	226
336	1242
346	2048
336	18558
344	552
348	8
340	7092
340	512
352	1272
344	408
336	352
334	176
338	3440
338	230
332	7028
344	576
334	24
350	90
340	36
338	12
334	2474
338	16
346	6
346	1728
336	72
342	2744
340	30
352	48
342	40
338	1092
344	32
340	96
340	5184
336	24
340	32
330	1036
338	280
336	824
360	4
346	12
336	864
352	112
342	240
336	512
350	384
332	1056
344	572
338	18168
344	384
346	2736
344	612
334	340
336	7320
340	80
338	64
340	252
350	24
340	320
340	96
336	1056
336	984
334	628
340	528
338	2188
342	128
332	13912
346	2016
346	88
342	16
342	120
328	32
354	8
340	272
338	1664
336	1392
340	24
344	2796
334	384
338	17664
338	2468
340	192
344	40
334	380
356	1380
338	36
340	46016
348	2048
350	816
338	24
334	3112
342	712
330	552
344	216
344	51212
344	160
352	8
344	3008
336	66860
338	16
330	336
330	72
342	3080
336	864
340	576
336	1248
342	40
334	132
336	424
338	92
350	3400
346	24
336	720
336	216
338	200
342	1588
342	256
338	288
334	1152
338	32
348	504
342	264
336	1424
344	36
346	24
346	24
344	3248
336	672
338	1072
334	17844
342	160
338	5128
350	2216
342	64
344	48
338	368
334	90
328	896
348	8160
336	64
336	8
350	96
338	208
334	384
338	952
336	1008
360	144
342	1188
336	36
332	116
348	96
340	1016
332	360
342	80
340	472
346	8910
332	1922
340	4380
332	336
346	512
342	4672
340	4612
330	144
350	640
342	22
344	72
334	72
340	546
338	120
342	1232
346	3048
334	342
362	144
332	1344
342	572
346	148
344	56
340	2368
342	288
338	348
344	224
350	32
342	58
334	8996
340	31478
340	480
350	28
344	1692
332	340
340	144
350	80
338	1952
342	16
334	1504
342	96
354	8
332	64
334	4598
332	328
332	562
346	7470
334	1216
340	1600
344	302
340	24
340	224
342	6944
350	96
332	49064
342	78
342	6
330	96
348	672
338	112
340	102
358	24
330	560
350	336
338	96
336	10016
340	800
344	48
344	8
328	848
340	4752
332	64
338	72
344	3074
334	48
340	236
334	3588
338	208
336	1064
336	6384
336	904
344	4
342	3316
344	60
344	320
346	48
352	576
344	224
338	360
342	84
342	1104
352	192
330	80
338	876
344	200
344	12
332	1008
342	6368
346	4
340	268
340	1088
360	40
334	508
334	254
338	72
334	7888
334	3216
344	240
354	288
332	2020
338	40
342	640
342	16
338	1064
334	3328
342	120
336	1152
354	112
348	28
344	12
344	56
342	336
344	276
346	1008
346	1912
336	2640
340	20
338	1454
332	7144
338	1600
340	16
352	208
344	384
334	920
332	72
346	540
336	64
348	156
336	416
342	150
334	76
342	8
342	240
338	48
338	136
338	1736
346	328
346	384
358	192
332	15680
346	288
340	13612
348	88
336	512
348	2448
344	6676
338	96
358	208
336	192
338	364
336	68
342	12
338	36
348	810
350	424
348	228
340	588
350	240
344	16
332	480
342	8
338	64
338	736
348	1206
334	396
338	472
342	8
346	1632
334	124
350	96
340	344
338	3076
340	11008
336	4216
334	1168
334	14568
342	3300
342	28
338	152
332	320
342	288
334	24
346	96
342	828
338	4448
338	368
332	1848
342	36
330	762
340	72
344	48
334	368
346	438
340	192
340	136
328	5244
340	240
350	16
336	32
348	708
342	96
340	252
342	150
346	356
336	8184
340	592
344	784
350	936
336	344
340	80
334	448
342	2088
336	112
342	144
348	256
346	2368
346	104
342	816
336	432
342	3696
328	2086
324	32
334	2106
342	168
328	684
338	11616
352	24
330	1944
340	480
354	8
336	38
326	1184
330	5828
344	432
340	2592
344	4
342	1152
340	384
332	432
330	1516
346	196
348	162
332	120
346	152
352	40
344	992
334	1336
352	64
340	42
342	208
334	16
346	3046
332	48
348	192
332	48
360	632
334	2214
338	5120
330	2630
334	9744
338	1716
346	484
338	12456
346	96
346	108
340	14
348	28
346	344
354	120
334	684
342	36
344	120
346	1168
340	2444
338	13732
350	152
332	196
336	15246
340	360
344	2012
344	224
342	2148
334	1224
350	240
344	72
344	1112
338	1508
338	400
340	980
338	8
342	744
346	252
350	72
344	60
352	16
336	3696
338	120
336	432
346	328
346	64
344	558
336	440
334	144
338	4720
344	16
346	64
338	2016
356	40
340	432
340	96
342	312
328	2144
340	330
336	104
340	120
340	568
348	544
352	16
344	1260
350	64
344	8208
336	672
340	2016
338	384
332	2652
336	780
344	240
346	320
342	1456
346	3180
340	16
330	508
344	8
340	192
348	7232
342	120
352	108
344	836
350	64
340	368
342	88
338	624
344	1152
340	120
340	1472
340	2648
352	196
348	48
332	36
336	252
346	576
342	816
334	16
336	56
352	684
340	1368
354	2008
332	1224
342	6624
344	268
340	324
340	200
342	64
348	672
344	142
348	336
344	180
342	18
336	28
344	480
334	52
346	3456
336	436
338	434
330	4304
336	2268
342	198
332	1288
338	370
342	160
334	152
338	19758
348	1136
342	96
334	334
344	60
338	576
354	192
342	20
350	32
340	72
332	88
342	48
348	192
340	24
330	32
352	852
344	8
340	24
334	560
350	124
338	80
334	420
342	1008
340	1992
348	80
338	660
344	40
338	18608
338	6
334	48
354	680
344	1632
338	606
342	224
342	2168
348	16
338	232
336	1152
350	768
344	996
344	72
340	2352
346	224
338	4736
340	308
334	7704
330	640
338	616
332	224
344	720
336	9804
338	816
338	636
336	576
334	36688
344	312
336	276
342	2048
336	5296
346	240
342	120
348	4
348	204
342	256
332	424
350	5936
336	466
334	240
336	7016
340	7960
342	320
344	576
340	5072
340	56
338	44
346	64
338	932
342	1576
334	112
338	352
332	696
340	1748
344	48
332	1170
342	96
336	636
332	36
342	80
346	240
336	1200
338	1728
344	844
340	32
332	290
344	912
340	112
352	816
342	184
344	1152
338	3680
338	252
344	26
332	56
330	188
334	72
336	74
342	192
336	8
344	180
344	40
338	3936
352	192
348	1672
346	96
332	400
342	128
328	32
346	1728
336	3336
346	40
346	428
338	684
338	112
336	48
342	784
354	256
340	688
336	320
342	624
342	48
330	244
348	1040
336	188
348	1128
344	1840
334	1260
342	858
336	600
342	216
356	2304
344	1152
342	160
336	1080
346	144
336	2328
338	18
338	278
348	4
332	4530
348	1072
342	12172
332	288
350	128
342	12
346	1080
354	1248
342	48
340	192
346	1120
332	23552
332	32
348	96
346	760
342	3168
348	16
346	60
348	9728
350	168
348	96
352	160
336	1880
334	16
340	24
346	64
340	180
346	152
338	2520
338	84
344	4008
336	1212
340	14
328	800
340	190
342	96
336	1442
342	28
338	1814
332	120
340	216
340	2016
346	4
342	6
338	1184
342	112
334	32
330	5156
334	9360
346	224
352	432
336	3456
344	80
340	8
340	432
344	8
352	32
344	520
348	1120
332	3276
330	66
334	11616
342	32
340	200
336	792
348	780
340	40
350	1616
330	246
336	304
332	144
348	626
334	52
344	504
340	112
330	496
342	672
348	160
336	312
342	548
344	216
340	3940
346	24
346	1504
334	288
336	264
346	136
350	160
336	1464
336	336
352	40
338	816
348	10592
340	80
336	20
340	1512
344	224
348	32
330	208
336	1974
332	3900
334	48
330	6008
346	48
334	8
340	288
348	24
336	4848
334	4
342	896
346	144
344	192
336	42
340	128
350	16
342	8
350	88
330	288
342	144
342	4800
338	64
326	2008
348	174
338	1844
340	336
338	464
342	286
336	72
352	14
344	744
338	160
332	994
352	576
340	832
334	52
340	936
336	512
340	544
342	208
344	24
336	836
330	576
342	324
332	48
342	1668
336	1280
340	16
334	196
340	4992
336	6288
340	13424
342	50
342	10272
344	40
340	1052
344	108
334	540
348	8
344	48
346	1888
340	64
338	62
338	144
330	324
340	48
338	90
336	44456
334	160
348	394
348	88
334	856
342	28056
336	276
344	36
342	96
344	60
354	128
342	100
342	130
336	110
338	416
336	1176
336	22416
346	168
344	24
344	936
338	68
348	120
348	64
338	12
340	720
338	800
344	17712
348	440
340	96
346	16
338	33080
342	6
348	64
338	40
338	144
330	504
338	464
338	3082
340	176
350	540
328	200
348	2944
340	48
336	1978
340	192
334	116
330	572
346	6
340	310
346	4
344	216
334	3724
340	84
340	792
350	216
338	152
338	84
340	1584
340	640
336	672
342	320
340	172
340	308
336	1320
338	2490
334	256
332	40
340	504
344	24
342	952
340	496
340	96
338	600
342	350
346	32
338	8
348	1176
342	416
340	3588
344	224
338	5568
340	522
344	1424
340	552
344	24
350	160
350	256
350	528
338	96
338	468
338	8484
330	380
336	360
346	16
340	1272
346	1708
354	272
330	968
346	24
344	240
338	6288
350	48
334	34768
338	192
340	7176
340	48
336	440
338	4
332	7020
334	2768
340	2400
342	288
338	1360
336	1680
354	8
340	512
340	420
342	192
336	1516
342	64
342	6336
338	196
338	56
344	484
348	24
332	7266
352	16
334	4752
334	1856
342	144
334	316
338	16
338	384
350	24
336	15512
354	168
336	11804
340	300
340	210
346	12640
344	4392
334	2480
340	576
346	1740
348	1600
346	120
344	2880
348	104
342	76
330	80
326	17588
336	80
338	11142
338	3172
344	104
340	32
350	8
340	148
342	2080
344	120
348	156
342	48
336	200
338	16
338	816
344	4
342	8
342	50
334	96
340	16
338	818
342	1392
348	2
356	64
336	880
354	48
338	1408
332	656
338	432
336	18466
344	44
342	360
342	3648
342	504
346	216
336	464
332	504
344	1644
340	152
342	8736
346	352
342	56
342	64
338	480
340	2964
336	2272
344	896
330	12
338	6048
342	48
338	192
356	48
346	160
348	1488
350	20
350	8
356	576
338	3868
346	288
338	288
346	132
340	264
340	936
338	12096
340	3248
342	1584
336	16
348	4
354	92
350	336
336	432
346	24
340	28
338	12
340	192
334	984
338	64
338	18496
344	96
344	72
340	8
346	16
344	300
350	224
342	1800
342	1440
342	56
338	700
336	336
336	81400
348	1728
342	96
348	4614
340	72
336	12
334	176
350	8
340	160
332	300
344	168
338	360
348	200
342	36
336	772
346	2064
344	1224
348	192
334	80
336	120
334	408
342	120
342	6
334	2056
344	48
348	260
342	48
332	24
348	48
340	1952
342	48
330	64
350	288
334	6196
340	436
336	872
342	792
338	1328
348	3120
332	5376
348	108
344	5832
346	280
332	14688
344	224
340	324
336	5248
342	112
336	1220
338	20
332	600
344	5316
342	168
340	32
338	28
338	48
360	240
348	596
344	208
342	32
342	1640
344	54
330	1198
348	400
342	972
332	2592
336	1484
342	78
342	736
340	1342
346	1188
342	16
356	12
354	160
338	1110
346	288
348	64
344	12
348	112
334	360
342	4900
344	394
342	24832
346	42
342	20568
332	8356
352	36
338	96
344	392
344	80
352	4
344	48
340	116
342	320
346	48
344	48
338	524
336	256
336	2868
334	7568
338	1588
338	976
334	920
336	192
342	1056
340	504
344	4992
350	2016
344	28
344	240
352	1760
338	1596
356	92
352	64
334	336
330	576
344	24
348	400
340	420
340	24
338	736
340	64
340	520
344	552
348	72
338	8
346	6104
342	480
332	12
336	120
340	432
342	8
346	292
342	8
346	62
334	1160
338	32
350	288
342	1496
344	3780
350	1856
340	20
334	64
344	24
346	1980
336	284
346	13360
342	42
330	520
344	438
334	26
332	2652
350	432
336	984
346	720
342	1770
342	40
348	5228
340	1608
336	2028
346	9216
346	60
344	280
340	944
338	288
348	72
338	3216
338	936
344	8
340	124
338	1024
342	80
332	4752
340	406
336	696
336	10512
346	24
340	8
340	50
352	48
340	2816
332	8
350	64
344	36
330	416
344	1168
334	9568
338	1368
340	96
336	2152
336	128
332	1160
336	6000
348	36
342	288
344	168
336	3744
350	126
338	408
348	3884
338	192
348	744
328	60
340	96
350	528
342	576
346	36
344	116
336	2832
326	6138
336	4
342	5912
344	256
344	8256
330	5680
334	1680
342	304
338	128
334	16
340	272
340	2648
338	100
332	312
342	1366
338	48
348	24
336	456
340	20
352	10
348	12
336	20
346	3896
346	96
340	24
346	408
342	1008
336	1404
346	36
348	124
348	720
348	3484
342	122
346	18
332	360
340	9116
342	46
354	4
350	1632
334	18
342	1352
342	24
348	96
342	594
340	8568
346	1024
330	314
342	1280
336	112
342	1152
350	40
344	1296
342	64
342	64
342	736
342	56
336	312
344	772
336	10360
342	64
338	376
336	504
332	1012
338	5288
342	5824
352	36
344	32
340	20
334	72
340	568
348	84
348	160
342	80
340	2232
336	144
340	232
348	128
340	1008
336	648
342	2784
340	1080
336	3908
336	5964
340	16
344	192
342	6
354	48
346	120
344	48
342	288
346	1176
352	136
338	1308
338	48
340	200
336	108
340	62592
352	288
340	160
332	24
332	224
332	3232
344	16
334	560
348	256
340	128
346	1520
332	252
334	15412
340	408
340	452
342	10
344	80
334	3504
336	40
348	176
346	48
342	288
334	1596
342	3216
342	188
338	256
336	8236
350	16
338	4408
348	24
338	30
342	112
346	368
344	14184
344	32
336	516
338	160
332	1958
342	40
330	1888
342	1336
340	1548
344	456
340	1184
344	264
340	1220
344	1120
340	64
340	36
336	10720
336	1016
340	24
344	1248
342	176
344	16
342	48
342	336
334	5356
334	1664
332	432
342	4
336	12718
346	16
338	524
338	696
346	1240
350	46
330	12
362	256
346	28
334	368
338	1424
334	88
340	64
356	4
346	716
346	144
338	1860
340	12
336	36
344	726
336	2598
332	4960
342	2154
336	4276
340	1792
338	552
338	184
336	4464
336	94
336	128
342	496
342	8
340	1228
348	72
346	4044
336	4352
334	848
342	160
334	80
346	100
346	50
344	576
342	1224
356	420
336	90
342	112
338	96
336	76
340	80
342	1440
334	4
340	216
338	16192
334	56
340	68
344	72
344	84
344	996
344	1496
346	48
338	4720
342	86122
342	6
350	6
342	672
338	90
336	76
344	256
340	2822
334	320
350	9808
344	24
340	792
348	112
344	90
338	24
346	96
346	48
344	200
344	504
346	544
342	248
350	264
348	8
334	10056
342	72
352	2592
348	2688
336	2208
336	1872
330	2204
342	48
352	76
344	2198
338	21368
348	144
336	11644
338	8160
348	22
328	1296
350	48
348	96
350	300
340	880
344	5876
342	160
348	192
350	618
340	520
342	20508
336	192
346	624
340	1696
358	180
332	1576
332	336
340	128
348	8
340	24
338	1920
336	80
346	5704
340	156
352	432
346	144
336	9710
336	900
340	1024
344	480
336	344
336	4968
340	1176
332	10
342	80
344	12
344	1440
334	1354
346	600
336	264
342	20
338	100
336	210
340	478
336	256
336	672
340	2016
332	232
338	2828
350	1120
332	1052
332	104
342	2
336	32
340	5168
346	1364
338	1038
348	384
344	96
342	132
336	60
344	104
346	195900
340	240
344	772
350	36894
358	264
340	912
342	1218
342	96
330	1254
340	156
338	1272
340	40
342	72
358	648
338	6
340	1032
336	196
340	24
332	440
344	7496
330	484
344	64
336	1332
350	72
334	708
340	188
342	120
342	50
352	5248
340	60
336	270
342	272
338	20
338	20260
340	3936
340	8
342	12
334	2944
340	240
342	784
344	2176
336	234
350	4224
338	140
336	480
334	32
336	204
340	1316
344	96
334	96
342	96
336	128
342	5006
340	1136
342	1680
342	1352
348	80
334	4096
342	2690
336	2616
346	60
348	2832
352	108
352	28
336	1212
344	260
332	1252
346	288
354	152
352	400
340	816
354	96
340	14
334	64738
336	144
334	96
344	136
336	528
342	64
338	480
342	224
338	368
346	12224
338	16
332	3264
340	160
340	168
344	256
338	4112
338	2604
346	80
338	4844
356	1280
348	32
334	370
342	3016
342	5184
334	1488
338	80
338	704
334	52
336	588
340	34
340	64
338	960
332	24
334	20
334	184
342	384
346	288
340	1496
340	526
334	176
344	128
346	8720
334	342
334	1288
342	4576
340	192
344	136
342	4128
338	2112
332	60
346	684
356	88
344	140
334	120
348	320
332	21496
344	432
330	26520
334	11816
336	480
344	2952
336	28
336	320
340	120
332	192
352	36
344	156
346	252
334	640
336	16
344	384
336	120
338	896
342	16
334	48
344	696
352	12
342	120
342	1680
338	5224
348	10392
334	1662
340	1040
346	128
330	10336
338	3888
342	536
330	1186
336	432
342	384
348	1080
338	68
334	272
346	32
344	156
342	588
344	56
340	1248
358	16
342	44
346	1672
336	120
336	108
344	500
340	24
340	16
350	8
338	4468
340	668
346	120
338	4
332	6852
336	24
338	114
346	140
330	35084
330	16
344	352
336	624
340	16
334	160
340	160
330	3880
332	120
344	3520
342	704
338	54
342	188
346	1944
340	2016
338	152
338	216
344	68
342	160
338	120
350	264
342	126
340	276
340	77328
342	5416
336	15104
338	1308
336	3360
346	564
338	128
342	216
336	208
332	92
350	26
342	12
340	150
342	416
346	136
340	196
338	416
342	416
352	12
344	1802
336	666
342	1472
340	1944
334	18600
342	248
344	280
330	3228
340	30
340	1188
342	192
338	1792
340	240
348	216
350	144
346	4320
344	1184
340	228
336	88
338	160
332	2088
344	200
348	280
344	456
350	936
336	3872
326	192
344	352
344	1506
340	416
344	40
348	264
338	4956
350	48
340	968
342	72
350	96
340	146
340	420
340	600
348	132
346	256
352	1028
336	13360
338	138
348	1944
348	576
340	3204
342	44
338	864
344	32
342	948
340	96
348	192
344	128
344	396
338	1104
338	868
346	8
338	2448
340	608
330	80
330	180
334	304
334	476
334	480
336	672
350	464
342	36
332	594
338	5632
350	432
330	4952
336	640
340	132
336	60
336	366
342	128
340	72
340	536
344	8
344	56
336	288
342	60
350	456
336	42
332	136
338	106
330	24
348	128
340	128
352	16
338	1544
340	3128
342	144
342	8
334	10986
338	792
342	8
342	4984
336	128
348	838
342	7670
342	8
338	16
348	284
342	520
340	632
334	6440
342	3540
346	4
340	420
338	1320
336	1620
334	462
336	672
332	96
340	318
350	540
340	80
334	56
334	48
346	112
342	648
352	204
334	3132
338	648
332	56
342	2116
336	40
332	12
336	6048
336	16
332	72
350	288
338	240
338	64
340	2112
340	21270
340	264
336	552
334	240
334	2990
344	36
334	2032
334	20
354	128
338	760
338	4
344	10
338	1526
346	1884
338	222
340	842
340	32
346	32
332	1828
344	30
336	308
338	8128
340	60
330	2016
348	2760
346	4200
336	48
334	540
336	11952
340	1748
340	5476
348	44
334	1032
342	5120
348	30
340	48
340	1344
334	4506
338	2564
338	324
338	1344
338	4
338	24
336	488
342	2364
350	432
344	144
334	1984
334	24
336	80
354	144
338	1280
344	768
340	28
344	64
338	30
346	104
348	2200
332	6720
338	432
346	96
340	1872
350	72
342	96
354	90
342	536
336	72
334	3676
336	336
344	148
342	456
338	492
346	108
338	48
332	1946
342	548
334	54
344	2496
338	1368
334	224
334	72
346	16
336	1840
342	12
346	756
340	2148
336	120
342	6912
332	694
340	128
350	24
346	12432
346	48
354	96
346	12
340	48
334	3184
340	64
338	30952
344	2604
346	216
342	384
338	120
340	1360
338	392
338	1728
344	40
342	114
344	280
348	140
346	8
342	3512
344	8
346	136
340	24
342	3376
348	224
344	304
340	11232
340	107320
334	1164
334	2382
334	1008
336	7888
340	108
336	80
348	20
330	1728
344	1048
340	384
342	500
340	80
332	50316
338	5952
334	3376
338	548
350	112
338	5216
344	828
338	392
330	12780
352	8
338	80
344	4456
344	600
358	2304
340	840
342	16
346	96
334	1334
338	2560
338	1192
348	8
346	48
334	3016
340	128
330	696
340	54
332	676
342	42
348	388
342	1440
340	576
336	2496
334	68
342	80
342	24
346	1520
346	1652
348	2008
336	700
338	288
350	96
338	48
336	528
338	264
360	4
348	1280
350	16
334	288
334	4252
338	708
332	744
338	294
342	64
346	3264
340	160
346	20
332	6320
334	564
342	40192
348	288
336	1444
340	96
340	912
334	240
332	32
338	16
338	24
334	14008
330	1584
346	84
352	3136
332	96
328	3386
340	192
348	192
334	104
340	12
338	96
334	5144
328	1188
344	68
338	216
326	10700
336	160
336	576
334	360
340	800
344	240
344	4420
342	1240
344	4032
346	30
350	96
332	248
336	5808
342	1608
340	68
350	96
338	2060
344	24
334	120
342	256
344	11844
338	884
340	112
344	54
342	32
348	220
346	1248
340	1440
344	7464
346	3896
356	288
338	16
350	216
340	11440
332	136
342	584
344	56
336	360
340	576
338	704
340	480
344	96
336	920
340	4224
336	1264
338	40
330	300
348	64
336	272
336	608
338	172
352	704
332	37832
336	64
342	192
344	192
342	120
330	9240
328	176
334	1672
342	688
342	96
342	144
344	96
346	1032
340	8
342	1368
350	72
338	352
338	2440
334	12
350	32
338	1024
352	1088
332	2096
338	2328
338	752
338	12342
342	128
350	240
336	1680
348	3088
328	64
342	4
342	128
342	64
338	64
346	896
342	1444
338	40
336	41808
338	1024
340	1216
346	272
332	700
348	32
338	8
338	2236
342	4680
336	2012
340	30
336	8
342	380
346	672
346	256
354	16
350	128
346	380
338	9312
342	4320
338	56
336	3780
352	2520
342	268
332	732
344	18
338	528
344	1840
338	32
346	48
340	56
340	176
340	312
344	44
348	128
346	480
344	852
344	260
336	80370
340	288
336	1164
334	72
344	70
330	960
346	220
354	288
338	1860
336	2280
328	888
338	372
348	180
338	708
342	44
340	950
342	16
338	8
338	1210
332	120
346	12
338	1016
336	606
342	48
328	4750
340	1472
344	608
334	17320
348	192
350	4576
352	128
334	4448
336	176
342	384
334	48
344	176
350	1992
342	36
330	4552
336	416
352	1658
340	32
338	4
338	1360
340	288
334	482
330	8960
332	59096
344	18
348	160
342	10880
332	16
332	4
348	168
342	2
338	200
342	130
332	396
338	58596
334	4720
334	486
338	16
344	448
336	144
342	224
338	2754
340	96
340	408
346	32
336	404
340	2792
350	16
338	312
332	35740
336	7304
348	3792
346	35078
340	4032
346	2596
350	480
352	160
336	648
338	3722
342	3600
346	192
356	2208
344	24
334	2320
340	136
336	2192
336	4828
332	1588
346	240
338	208
334	440
342	416
340	2016
334	15692
332	792
342	576
344	892
338	48
338	70
340	16
346	32
342	1332
340	224
336	176
338	1624
334	4166
342	336
348	942
334	864
330	1744
346	32
346	48
346	1568
328	8192
342	44
342	11088
338	16
338	234
338	992
344	192
336	12
330	140
336	1512
338	8
340	348
336	6588
330	882
334	1584
344	324
336	4992
342	320
340	656
338	288
340	384
344	16
336	80
342	24
350	336
352	968
332	24
346	336
344	200
340	410
340	21600
344	1900
338	920
346	160
340	32
334	144
338	376
330	582
336	12
334	342
334	192
342	1936
332	5548
332	48
344	472
340	12
344	96
330	14632
340	74
342	194
348	768
342	2726
350	68
340	16
346	752
344	4808
340	144
340	2704
338	4160
346	3432
342	28
338	144
344	352
340	2868
350	1736
356	12
346	48
338	32
350	308
344	12
340	20
340	1408
348	28
338	354
348	96
358	1656
344	68
336	3024
338	3404
338	200
344	80
340	240
332	424
340	720
346	560
344	496
336	520
346	384
340	88
344	48
346	24
342	516
354	12528
342	112
346	166
334	96
328	144
342	1178
338	240
344	672
336	528
340	278
338	55056
344	216
338	52
346	384
332	2592
340	504
336	240
338	394
338	528
334	1540
342	96
344	132
336	2252
334	64
336	256
332	120
346	64
340	528
342	8
332	2320
328	1208
350	348
330	224
340	32
340	480
348	342
344	40
336	4110
340	2464
348	336
340	5544
336	1290
334	240
342	1280
336	7512
342	352
340	76
344	48
348	44
348	152
334	16
344	150
340	32
344	916
340	144
348	276
346	64
336	156
344	228
338	64
340	508
358	8
340	332
336	4544
348	8
340	16
348	15150
342	120
344	72
338	2380
338	2468
342	1944
338	8012
338	44
348	388
336	1508
338	168
352	84
336	216
338	168
346	192
346	608
342	1950
342	144
342	666
336	384
354	12
342	4
336	568
334	96
334	224
344	4508
348	54
342	384
336	6948
348	82
338	3456
342	80
344	168
346	64
344	8
336	10908
344	80
342	1120
338	768
342	162
336	48
338	2
340	114
336	988
342	1848
344	24
346	26
336	620
340	1472
348	6
338	480
342	312
348	4
346	80
342	120
346	1102
352	288
338	27032
350	24
344	768
350	1456
348	44
340	1440
342	216
340	562
344	2088
340	6
342	288
340	60
338	324
340	482
352	96
338	302
336	904
338	2048
342	460
338	8
328	496
336	92
344	36
354	52
340	48
336	9216
338	56
326	6432
326	3668
346	192
348	24
338	26
340	132
334	24
348	64
338	12
340	8
342	216
344	252
342	248
340	1452
348	232
344	128
340	332
334	90
342	29342
338	48
336	728
338	1176
342	112
342	168
336	4216
334	456
340	32
348	144
344	784
340	784
324	848
336	36
344	296
340	168
336	3424
342	272
336	992
338	498
342	180
332	644
348	192
346	1496
346	180
330	192
330	244
334	240
338	48
338	80
344	6624
348	8
344	114
336	480
348	80
332	928
336	3240
352	16
342	704
336	24
346	45824
350	48
344	12
342	60
332	1238
338	7056
330	4712
342	648
352	120
344	556
342	332
342	40
336	340
342	5352
328	120
344	160
342	1608
344	24
346	572
346	96
340	144
336	48
348	32
346	90
336	7544
338	8
334	3116
340	650
336	132
332	240
334	48
334	13600
356	100
334	1096
338	208
336	192
342	96
332	3038
342	372
336	104
342	36
332	4008
338	4634
338	34740
334	2454
338	380
352	2112
346	80
350	280
344	10052
340	904
342	30
332	1024
342	744
344	1340
340	10376
344	476
342	24
348	3456
340	20
346	11880
332	732
342	20
334	96
332	120
342	1332
342	308
344	160
334	26
334	19018
346	2496
338	2960
348	5160
338	8
340	28
334	540
340	432
344	16
330	1568
338	4
336	768
346	24
352	24
342	3456
350	240
350	92
340	592
332	10320
342	8
340	60
342	96
346	1304
336	1032
340	310
346	15552
342	12024
338	652
332	1920
338	120
354	362
338	216
338	1152
344	2496
338	2352
338	16
344	108
350	18
334	1644
336	984
344	1256
334	5120
334	1084
336	168
350	9072
352	64
336	448
348	90
346	948
334	3180
348	72
334	8
330	48
342	60
334	112
348	24
338	1674
332	96
340	792
328	2726
342	672
332	6522
342	1952
340	1044
340	512
346	720
336	1104
346	744
342	90
334	120
338	32
328	832
350	708
346	68
348	336
346	1828
348	1390
340	48
336	1400
338	984
338	776
336	32
342	8
350	312
346	240
346	776
344	2328
350	440
344	5436
344	96
342	180
342	256
336	64
336	108
340	288
332	112
336	2592
344	1140
338	192
336	3440
336	56
338	96
336	1722
340	15648
346	1008
346	84
334	664
348	256
336	36
338	84
348	174
342	1172
336	864
336	10208
338	60
334	768
344	822
334	3576
328	9428
346	7296
340	3304
338	288
344	8
340	72
334	3336
340	168
326	4438
338	224
332	7512
340	504
348	64
338	7008
342	16
330	26798
332	156864
346	192
354	72
338	2280
338	770
344	768
336	3208
342	80
336	96
334	12216
348	24
344	598
350	1368
354	162
334	2120
336	224
340	252
348	24
344	552
338	4
344	16
346	384
330	2192
350	448
344	96
346	762
342	640
344	16
340	78
340	4
342	32
334	26
344	32
336	24
338	184
348	1344
346	1070
348	526
338	128
342	24
334	2100
328	68
332	32
334	156
342	64
352	16
336	4000
346	16
330	3904
326	6704
338	13992
334	102
340	3876
340	152
354	672
338	384
346	200
348	64
342	24
344	32
348	1404
348	8
346	32
338	4926
334	5580
336	504
342	528
334	2600
344	480
334	252
338	1968
342	2884
344	216
336	1902
336	3160
346	128
334	360
336	7988
342	5520
334	17938
338	732
344	816
336	24
342	340
328	2228
340	752
332	144
344	870
346	3008
336	2592
338	432
332	192
352	184
338	40
342	4608
338	272
340	272
348	1664
342	960
