0.029413573247510854
-0.05514147329789138
-0.056476345144053676
0.19976963886776444
0.7765177781186753
-0.573428917531761
-2.2979143281475154
0.4466669813843172
-0.03367067337926357
-0.002696866811277055
-0.9670011679486017
0.49493478066011887
0.5229775410802497
0.4635655654668656
-0.3569557218561686
-0.12453960647453029
-0.898445587932991
-1.6670012698226317
-0.4039528278638179
-0.854760151826301
-0.9866355492171326
0.8116808881863414
0.49813880264271054
0.23713178942808522
0.2254046853979746
-0.6677605065487455
0.0383877995039895
1.387132954442993
-0.07996016486350391
1.6682245842540637
-0.3182588309765238
-0.9530758007181006
0.6212460945738005
-0.9434139464384692
-1.726915718011251
1.2698785013890659
-0.21654773153962098
-0.4398628201913816
-1.570664045783869
-0.6832257371288869
-0.6222221591975753
-0.8686607487868353
2.437085792307216
0.3118366166620207
0.07829206552777747
-0.2855568406561663
-1.1729781165600541
1.3686849963975156
0.145400724456039
-0.10607311527525677
-0.5438136408355996
-0.9829181907004338
-1.110052401804385
2.5247193787910134
-2.127055925373058
-0.1782567608909113
1.8026101145293294
0.605376886586003
-0.7204529495423102
-1.2377910120651616
-2.168310329739528
-1.1799769894997856
0.1847943169510799
0.2234869301649555
0.960279531212111
1.0788517162341706
0.3672275135085815
0.2777981269140534
-0.2776973925533577
-0.554326738934318
1.2826631694746566
-0.31400145758125947
-1.4420516321614747
0.9263863836961568
-1.4714507368790777
-0.1157514632090586
1.358818541800645
-0.18399394985629638
0.7343674075714888
0.5943795305295752
0.25890224501760084
0.2070210924987431
-1.3700470206249924
1.656514460329107
-0.37377386462902956
-0.982080379429091
1.123417442334497
0.5088646449186239
-0.16288824372456828
1.0753497850250937
0.2720292241096567
-0.05639573822019038
-0.16529119174847595
2.420168779822398
-0.4999491058200437
-1.6012726319828245
0.09530008100284927
1.0734878088623692
0.7167387254902747
-0.873553218389238
0.858839739142883
-0.6520250164048602
-0.6296228897301989
-3.2695146131533335
0.34953192494084856
0.35439395263573475
1.4500046728748501
-1.0415479227304314
0.9162962208845048
0.21241313543306498
-0.3901106704719561
-0.1509779874382152
-1.0738931446601998
0.949340924624771
-1.7532256934188593
-0.39301579872927445
0.8764095475905757
0.8772474996717082
-0.3455660542945905
0.3244712099332956
-1.8707813067600305
0.4050714632931845
0.18193213121910712
-1.1770438837283084
1.7671860963837251
1.3161948900062443
1.292062890971918
-0.26102369287570176
0.26287381737551563
0.9926166348475178
-1.8633780257955321
-0.8713362610720449
0.44009639297615294
0.33913897925748243
-1.9410571837992014
-1.6586367840628873
0.6737487136762668
0.42118413295854734
2.9426729587874063
-0.22806490492587175
-0.38651215285863777
-1.9987344804861087
-0.20285804260062346
-0.8763204705718488
0.6725863092495942
0.5204638691128195
-0.43758134524752046
0.5963855359288186
0.08659722840298924
1.3342169946596236
-1.2721768837970318
0.22417732260827794
-0.2317860196117083
-0.2878908267500785
-0.6242460664316618
-0.5973941962774006
-0.7061223703047643
-1.9892203430576105
-0.4771063729940593
0.1837352138365155
-0.5442562641761794
-1.0493219334088177
-1.4467544162254133
-0.5744102616705254
0.06586498605433207
0.40660694937571773
0.8095996004492338
-0.7925553103004432
0.7302766345375604
1.3913970231792918
0.3816572022853373
0.5699108073066803
-0.5430321774269344
1.1012082209061116
-0.44914208962091495
0.9056483671923843
-1.6571959383587378
0.06934139824115197
-1.4862662368316832
-0.33029326374512297
0.059250478655576665
-1.0210045681126534
0.9294318102093445
-2.926236371963074
0.5532468180597009
1.521240350979763
-0.2495778354926659
0.9316454182031866
1.1971809846930714
-0.35573823654266595
-1.0629714631101386
1.3765783485607244
0.5793878465342931
2.1986477903386095
1.4420874913454627
0.2666713558032521
1.762445506214067
-0.6020204449130142
2.0499155706310987
0.5531676073899463
-0.48504822731410185
-1.1232862518488917
0.4450434675318751
0.8297015957598872
-2.8058098148049835
-1.4938677004693948
0.7451464259930796
1.1650338238914013
0.4267386595535999
0.22652199795227548
-0.0672083453434095
-0.34240376263735534
0.6741112105322984
0.08626321003956719
-0.8370046856956338
-0.6016743600201078
-0.6689435430521153
-0.854400817850085
1.8667607845424312
0.2774126478957872
1.9280209230759704
-0.20706883140637486
-1.3927294383612412
0.48669240308694284
0.5138885374867951
0.651276823033178
-1.2058916127934918
1.9859780124932913
-1.4425042997842918
-0.25308470828229207
-0.07530780993732929
-0.5645328859884304
-0.8333019006864971
1.0024853065416144
-0.8931568171179681
0.06376622268852351
-1.338655197338591
-0.7545792766087112
-0.9489880496968344
-1.3751098728941356
-0.5785294044100132
1.5014937753599273
-0.553307371396699
1.1050600067575331
-0.22209890339298302
-0.23915566454995651
0.4462127282705819
0.5327452973029003
0.5280862442235315
-0.11743543437212918
-0.175122875617958
-0.5036077273932532
1.1810845759627946
0.1532300626210702
-1.1381005888249343
0.6798133140060552
0.7368291257438518
0.5632571595488489
-0.1283248949269512
-0.2674419138481493
1.0338098981043058
-0.371010076468164
-0.6291238960807136
-1.4781554825091594
-0.8183244938097846
1.5154499054454043
0.03250399369650358
-0.8541732793847339
-1.0620823078860242
-1.8404745054669749
-0.028270756667628436
0.5574756971545752
0.7226027434124618
1.125564676709592
-0.36213141565988044
-1.1897761870421253
0.049721456638450304
-0.4394717073866267
1.2696843588184406
-0.970676745649906
-1.0246579280036638
1.4227171154095355
-1.0858507387196883
-1.9013619389756238
-0.7610970361670799
0.01646064367859983
-0.5889372915157578
-0.2692701081680841
-0.9812220416244224
1.1080115951071752
-0.7760796411435977
0.3410170316068716
0.21623495146484842
1.0106898843551075
-1.2506449149160992
0.05659442913842504
-0.09384805538277424
1.12747571852032
-0.8299859992404688
-1.3889906538902548
0.9668176201170662
-0.2568245840254351
0.7748953423890901
-1.37728190900041
-2.348318243723982
-0.4389387792638116
-0.34729980586503456
-0.7311440934767606
0.42299339830614
0.04681481315613717
-0.835824163125417
-1.6719497521819304
-0.8648451874953993
-0.5051381107231263
0.32555884578263433
0.5361546883971414
0.347733749458891
0.10640157158271468
-1.0970105923098963
-1.816723505354218
0.4621953227710296
0.7876332185464466
0.8527447287234367
-0.15656352559769182
-0.722704033650178
-0.15392247754424965
-0.9776168416293173
-0.34523729483687715
1.188787683579789
-0.0017587875283272742
-0.8504623528781227
0.6967585220705678
-0.43165025893597714
-1.7260440856389954
-0.43613744177425584
-1.9736773661679528
1.9336361757838463
-0.27906503875762656
2.2109636007345386
-0.13265427200753158
-1.0250820590913792
-0.09188635285273866
0.2873072179193042
1.6768033769049167
-0.17867600304835246
0.9637947052092827
-0.017122248795978786
-0.783751993951366
-0.20846731478512345
0.16861383752872486
-0.38472603294308544
-0.2824714620488532
1.074466360600385
-0.7301475741614475
1.7715748227800288
0.6305337146262386
-0.14381591532726481
-0.6303793169373368
-0.9847031775459456
-1.4845261952488982
0.45224917269211323
-0.9171547057624382
-1.3423740445901227
-1.5127628392467116
-0.8758288392900017
-0.960237803982699
-0.6939130524067648
0.6935035264119455
0.05917048607088704
-0.6740252635670454
-0.2656471595987731
-1.2618508225843055
-0.5573461685168444
-0.5954002459088917
-0.3525870708574165
0.6355703199603052
0.09086070956766823
1.7054194097372122
-0.05245167553258514
1.6632494709646595
0.7975588722457133
-0.9910023819649466
0.4271015625190988
1.2446036665829783
1.2434776682337354
2.7182883852740667
-0.18130288702901884
0.5186486126661382
-1.8873460220111975
-0.25338635025719275
-0.830818486158879
1.8188994671728276
0.8948029789585445
1.0071009786776137
-0.6889313554046698
-0.8492566153406435
0.9559726372061454
0.9064010536537965
-0.8585597126332838
0.953105989057476
0.359499029227443
-1.3354484492247871
1.0745156203967883
-1.3491997762989147
0.9256057005040577
0.5109128433904303
1.7582862944898296
-1.3537091843023006
-1.3327252297182604
-0.2530974042980621
-0.5330067300430724
0.2927352241979313
-0.12041143652040827
0.49796579409262687
-1.832325641850541
-1.089635825733871
0.23412633607854771
0.16823391525551815
-0.03353638981524844
2.0625779484403535
-0.2067229079426154
-1.6610366149938613
0.9703970317679643
0.0860314969601962
-0.2638036143851045
-0.3058641189486086
0.4821299022439435
-1.379351127352844
0.29505364707084997
-1.4776782533012491
0.006062656793618572
-1.1751020693244862
1.4888893877687697
-0.8829890007928363
-0.5823343096151893
0.06033179404692856
-0.22120597966428765
-0.6427940585275496
0.4275454853044494
-2.213520533161285
-0.21837850048982244
0.9888924331334584
1.838555204448349
0.41266120163804604
-1.2445991134542629
1.0783194648882837
0.19223258087378292
1.6976773256499464
1.2640217506229703
-0.12498734543788327
-0.4359425318933858
0.6048207105499778
-0.7191124951329337
-0.24977005483088163
0.8376414213596518
1.4425368290961496
-1.4313182361133545
-0.03776785813524451
0.6024857319703302
0.1623505461480653
0.05986149672074779
-1.5927215137604431
-0.7711165185563147
-0.24270819266823906
-0.23485248432716962
0.5028757100283643
0.29453392212369656
1.0175494407929586
-1.0132032610143318
1.0106570667433261
-0.13403525572386804
1.6549119124704208
-0.31852788952529415
2.395747674606847
-0.7230451625935999
1.4847719383375275
0.014319540340144555
0.6275270307998897
0.37704417083246056
0.023231513918874288
0.6848341057676237
0.22727191529409674
-2.2155117087065337
-0.4702751494799458
0.7386883097421975
-0.8398496573297926
0.9055830491629349
-0.9340752949082358
1.6469058340993312
-1.093640124065104
2.295954689675535
0.10177320839611638
0.6130720322291033
0.11649152724129734
-0.3396462677521236
0.6842255619616897
-0.818560247208236
-0.9176054750510642
0.06360796031037387
0.5940637773729451
-0.9954849208434076
0.055562042952645996
0.8957433792932356
1.1599160816528014
1.8970937946390685
2.211572193784974
0.7506117746160313
0.3713695231230489
-1.6573725160287804
0.3518966752520626
1.900549463518897
0.8090304328313893
0.5406329257312493
0.050645482369253904
-0.6328547410033031
0.6360985945755419
0.07220193292685596
-0.604342409588198
0.9228321902480976
-1.9450108472736862
-0.9283635465806234
-0.17742213859888653
-0.7365364745881244
0.046500575010438305
-0.37320925500561797
1.1032688797778076
0.9879909914850913
0.9241315530757294
-0.9638772728126808
-0.2400881676666356
-0.46936540607718275
-0.8270317501207909
0.11707636297674134
-1.1248399410952767
0.5274158549643158
-0.32544244616766793
0.18738249217734088
0.29502491200171393
-0.7084286480301114
-0.2323055966874468
0.7080745581323641
0.4176503461064333
1.2007374131250315
0.46966852542753235
1.0781711144135377
-1.1331918082282422
-0.15648474942310286
-0.43004401482256577
-2.179148009004973
-0.15471895615885986
-6.941383674421994e-5
2.1594985731797913
-0.656357651605761
1.0822151120727115
0.30899482038894643
-0.886342142934503
-0.15026881966711364
-0.8964776496155097
0.23814307892440484
0.5250421667554538
-1.1899599471921398
-0.3002975482443716
0.5801534621864173
1.1348509454074653
0.1883791335821864
1.5676539908907725
1.9819142638657186
-0.602786464144667
1.502727321288581
0.22010958316968252
0.2322817638619789
-1.9986677240025421
1.7669481926069484
-0.2936504879128889
0.13247680068241863
-0.6266037457827514
-0.1553339826733124
-0.6100553216587146
-0.5350090095954815
-1.2561787194156098
-0.5950782258750711
-0.40365166947619113
0.7821627493183543
0.06455521601312406
1.366132007657646
0.705480563849092
-1.062493508697417
0.9290514804571416
-0.13546794350926009
1.206776788671979
1.4515327837354348
0.5026209709101488
0.22653046457587975
0.08597868376813106
0.6718282288029287
-1.23135733716425
-0.4054757421237991
0.17151052935024183
0.37172966562595733
0.2206477528151867
-0.9947888659018749
0.8769807201196795
0.3875916559331922
0.23432295043368653
-0.16844050162809068
0.48227139941708624
-0.7852502320804488
0.9759609908947099
-0.24491814918328977
-1.9180148946738869
0.5559187747979802
0.19233213395195717
0.2915789468136571
-0.8059742283288847
-0.5197961825983289
0.3836262449207605
-0.3339770126579185
0.20988280892498967
-0.03324823156037011
-1.1097527363160464
1.356207392488987
1.5856429039587623
0.4431494667101581
0.2246431747297696
-1.7841695763768228
0.3823268063472448
0.6618479713414029
0.17168902587058252
0.6625077010225977
0.4959010255443535
0.8840723787122836
1.2882269440842709
0.12488636542422361
2.0431366806415814
0.7843653122462985
1.2910097523443032
1.1457227188760082
-0.5676206598178313
-0.0419087734717449
-0.6250005960568086
-0.3475619785360536
0.42105026483168756
1.0772709137179541
-0.2869563646809901
0.530753324620228
0.6718556830560468
-0.07522126487561479
-0.7857355042664657
-0.20818771431826796
-0.838329327327611
0.4826767978087035
-1.7301549256854312
-0.6725591740105175
-0.7394832669125703
-0.8795251714438553
0.6592301640165573
-0.5066321284620083
0.6630595139662219
0.9258905795040724
-0.1436169706598622
0.10368130718669369
-0.2032696733954783
0.5433959821147464
-0.26836101714618704
1.4784846403738097
-2.103623130064952
0.32134247168206626
-2.987701282092463
-0.79131731948366
-0.009150567203804276
-1.15735310191982
-0.450720366730061
0.2834510661471934
-1.8623318604186623
0.40498213960338686
-1.3149207606705438
0.3004093587689417
0.11942122157590249
-0.8034017192107684
-0.7214984294977589
-1.8459794062661765
0.9156615012306796
-1.6490968591989184
0.07665033922725122
-0.7882460492680302
1.8109925555711481
2.037833779318751
-0.5160211388836775
-0.0067039904072555825
-0.872190629566303
0.4472654819338285
0.15847633801407462
1.4511555699093985
0.5322516920070733
-0.15570905645573588
-0.5502063728797223
-0.5895744131671864
0.9903923921778284
0.0648786565534906
-0.3603850388898865
-0.5210692583658322
1.6818480962061486
1.6517720097965436
0.7736425667974136
0.48763292750899523
0.4397441830374103
0.4490673603490308
1.095650284222644
0.274583477605713
1.314746057694937
1.0053549947301204
-0.6675789657156852
-0.5505805016528872
-0.9954896821233876
-2.532448941598999
0.8050245260249124
-0.6655104207084107
1.4785134553589812
-0.2124386055262709
-0.043182027207251984
-0.6371610692727295
0.3263059247815284
-1.6469146847793947
-1.4266164071244858
-0.18985169249519196
-0.8306174300548397
-1.2449817871592928
-1.8521531793454404
-0.955588612663119
-0.2990710570212034
1.1544186418477749
-1.278336802445001
0.04627618711343818
-0.26168736578091906
-1.357031345632503
0.5182123471373544
0.44500654313851357
-0.4841343909933086
0.9192360529987307
-0.7903341046484313
-0.475087682321862
1.9961660663832481
0.5499925675187352
-1.2670646784893285
-0.4349185491529568
1.3155351269429083
0.8009508661591357
-0.6703028499442768
-0.3761707906156575
0.06433092709686318
-1.3626149488549577
0.13514786524588007
0.5537408969694236
-0.7833304155249763
-1.5174949146299102
-0.4621382935389975
1.5918672154360058
-1.920542629985349
-0.772817095907191
-1.3399374582882746
-0.5216923124007019
0.4780386570023387
-0.8536483231825831
1.3654773153542368
1.1891512642209723
-1.1659924807409516
0.8302307153926408
0.08485373958914284
-1.834145097925693
1.6103913884118952
1.3754708882797597
0.2568527875926661
-0.06850132768574438
-0.05972433166904581
0.39616654371598614
0.6324152975225394
0.41539496759612826
1.2400037888761426
1.51434705476808
-2.0335439635438086
0.41282750805288454
-0.008748334144662112
-0.13653283154395165
-0.07738089455348876
1.6898302172673203
-1.0815794260718863
-1.4218543473377316
0.688804690018527
0.7717579675337707
-0.1391977291907506
-0.07197006657947089
0.6419504093501167
-0.8398842024221452
-1.0326979036376456
-0.037707585108592644
1.3356682416586476
0.8486764386216531
-0.00949397916934464
1.2414460049569378
0.4431041702610399
1.145122811254447
-1.0508416675849597
0.1077323672399461
-1.5300948778648185
-1.3927227589785793
-1.3787097183125396
0.7188731665282978
-1.4826566708284823
1.6557693544973338
-1.2095785495366407
1.1528913572972381
-0.11523909143789861
0.1761153756557566
-0.2803826670186348
-0.3895542481012312
0.8954827913234491
-0.30975507551627
0.2900270799773579
1.9961207670270418
-0.6880774192262733
0.21648535393932927
-0.094974264497971
-0.008077429290341933
0.07667922973436378
-0.5218050714140577
-0.043395326120011485
0.7661005178475029
0.21774341807974124
-0.7218740768937821
-0.31969902065620287
0.26159892058637035
-0.81703433027778
-1.5509950658384233
-0.9246460679510803
0.4906907066615772
0.4519608088027558
-0.5280117705712433
-1.214391934625833
-0.7748645525140605
-0.142663620713248
0.22107068806994534
-0.1850429803399462
-1.4386013055658005
0.7623556158641653
0.3200164060596998
1.5578702971997145
0.5586040675852897
-1.375330907662554
-1.944433898388521
-0.8367789004388541
-0.41904467969030607
-0.9839182245667639
-1.562164646478217
2.066646180416412
0.35234402153608263
1.9072239655036536
0.3764989168266067
-1.1802624878163648
-0.8888066909969451
2.755519885124035
0.5886612971105805
0.9929199824362467
0.7188528180263983
-0.873133789193089
0.6032006395156592
-0.9152575776339875
0.4242330878450228
1.2352014367710211
1.5053511562206687
0.3868825783718898
1.809147957872378
0.13148285034711546
-0.2652605269227076
0.17685024282625245
-0.8562555613509942
-1.1008542833088062
0.44575807739372136
0.04428407810096943
-0.49304001780865636
-1.3841001705992524
-0.17776675870285313
-0.4236127750118613
-0.8598308561177136
0.6144818974066838
1.4877193422856416
2.005135125528626
0.6829628586332426
0.42278164686642833
0.15177465395898757
-0.9914180874686209
-1.0939784943096325
-0.6991433299443216
-1.7317186562818427
1.1690586457681764
-0.9940326119267351
0.7287596223408738
-0.03482460760661018
0.9675668128262042
-1.9522358764993162
2.3871310729959916
0.8454387190413871
-0.695576715239185
-0.06605762054403053
-0.8713126816057392
-0.452163773603282
2.7534865140007345
-1.0470031852792843
0.11014419713305423
-1.4758058673737162
0.3448466431451233
-1.2168469588760782
2.4369394827595134
0.6026040023169817
-1.060875004393471
0.906919490658727
0.6670444759522283
0.35566126544805815
0.37544515495901143
0.65142917995636
-1.379048970222822
0.24442330933024414
0.3367978039901555
0.2140904282271643
1.1001745109165344
1.2223767397453802
-0.049987409454686195
-1.1130987105408836
0.8033704645124005
-0.4181588183355694
0.9966397519896357
-0.22646077922949617
0.14906009734043438
-0.5995622823666755
0.14612597068634836
-0.18636746782336316
-1.9749532275895183
-0.36622920362661354
0.3578537212966382
0.655885846422646
-0.6246375491382696
0.6796641262288091
-0.31649699927504626
-0.7102319273104247
-1.299396731875311
0.91651724028019
-1.5070883752388724
1.3212144666975398
-0.6218389278546455
1.9859652247153445
-0.2210816304322403
0.7825516314156432
0.3686742437730838
0.9371180668579526
-1.2086779663188576
-1.161609689877783
1.1468978671580699
1.1558120828346539
-0.07726525513387265
0.9277363769279152
-0.3212189301919849
1.1569069906638214
-1.234675241033207
-1.18869536051976
-0.6190357197531777
-1.0190663401530597
0.5592396089082708
-1.153869756992634
-0.552104872044505
-1.4173916620605613
-0.9485584392796512
-2.3106955690718642
0.10000034301784547
-0.8187789841054157
0.3868795746629951
0.06416340260810696
1.0601151510497464
-0.9569888229472946
-1.5098556265747518
-0.17064612765781878
-1.1088142462812203
0.6350087973332619
0.13024193695986644
0.5054504722322198
-0.8876060908503687
0.7917733216013575
-0.7303861513347654
-0.9099929699010554
0.9263452732469737
0.42192698876315105
0.10859894287153246
0.4297961568137429
-0.8139501888978993
-0.47193127206545105
-0.43532614472988135
0.9776125896338371
-1.8431710788787286
0.25592928600043496
-0.5079247484743914
0.05696022076961924
1.4942015597167075
-0.14688675570398022
-0.5608310627826856
-0.36898489648531474
1.6664835974193384
0.36405994741029385
-0.8529294478661175
2.0246525061560723
-0.9910276710271316
-1.370169487757399
1.335617166533604
-0.6525366497551736
1.2525494284506975
-1.0168070844714334
-0.12149016683877524
1.9551077044520477
-0.05768852255299376
-0.1797311360159509
1.0485593381890896
0.06578038398756081
-0.7226481932899564
-1.4530421238101048
-1.5968109559479942
0.3645976182454438
-0.4496064785895208
0.1627275102335618
1.2173990413710387
0.7802146192020672
1.8655722600293427
-0.11595120375109612
1.3695481759442891
0.5987602074548228
-1.7172475963936378
-1.8161521096357882
-0.13347339923649953
-0.5465640692284939
-1.0478409768002512
0.2518827656122536
0.07999029564454761
0.257318666975012
0.589063475146242
1.761758451488014
-0.4447696594782191
0.711020194885577
-0.2777590667146621
1.5371520294335508
-0.6060502634150475
0.14562495375750673
-0.0286233335877341
-1.7667102431431934
2.129417344815038
-1.088525222322964
1.0924345479399533
-0.5127561012077451
1.3974355808412584
-0.7198631190156788
0.6989438689320372
0.11508153763459172
0.6147158623525197
-0.7602305950933907
0.5490365719643088
-0.32405029628790594
-0.11077905792758717
-0.7332263304678753
2.7015239433684908
0.32364602810570375
-1.646515284447083
0.7678054362773756
-0.5829833104144151
0.3395419128751151
-0.3011237118196747
0.018288452338389917
1.6731599098339134
1.4982383198794316
1.717950941220324
-0.100310490193563
0.44234853806429053
-1.3255248484284208
0.9670877373612634
1.2102784917015295
1.8945195867628772
-0.746744833404519
0.19050297992579066
1.7479589623136906
0.6907071965498656
-0.8053682167664514
-0.6118140529350682
-0.6999730024059889
1.5245159349580921
0.2549171974823858
0.303135204496048
1.633864503596014
0.06053156297628612
1.627061027198002
-0.8834596991282632
-0.9597778521205121
-0.3071043877047372
-0.5926344510394256
1.4212031374275857
1.445244829485156
-0.3838374617250695
0.772340201121116
-0.1768196779286706
1.074155816563426
0.694948498921435
-1.4327177339339483
-0.7783455891550697
-1.1405441229282316
1.499648911409373
-0.23458815069052563
0.5123494187210259
-0.5875504189118755
0.7249034731253514
0.8850402876942248
-0.6525356780826067
-0.6877598710042998
-0.7007402668699362
-0.8418940242933665
-0.16596784718380744
1.9975077792567377
0.11615001672227634
-1.13970734014502
-0.22489527617212166
1.1982690363262951
1.7703036191122976
-1.2525602803837699
-1.2336100507116285
-0.5543407035147234
0.6473132977515652
1.0778576702105904
0.21226832385455835
-0.7972821436963091
0.3536744643683492
-0.28438770737675334
-0.09835313774519865
-1.4616919073616637
0.6633604501024003
-0.06492971240195648
1.200169335351037
-0.753646602394336
0.8273960718254861
0.37030295650521206
-0.23583343337917398
0.9812738907089488
-0.3337045080764009
0.0009174154383500456
-0.9946167724466958
1.041463463224599
1.767109515786002
0.848557644404174
-0.10807595241648106
0.9235274138443379
2.6860402629783326
-2.632967670079525
-0.8594901658162081
0.8749190279353056
-0.24721011353525535
-0.023391918768937862
0.023163620657630543
-1.285217596497454
-0.5059658923387637
-0.16553580041030858
1.3615085191053913
-1.139125579984543
-1.8108019975663125
0.6486196050505731
0.5709145985064621
0.6407265025089314
-0.784818347895639
0.2162497525097567
-1.1281312827762653
-0.3590762020667299
-0.21883392768573062
0.2102025567567785
-1.177509847259549
-0.3326714700364515
-0.33819289770254557
0.72285851202346
-1.2654350523023634
0.31277926889648905
0.6754197299108398
0.3940815844487388
-1.3973037394156926
-0.11317611193902055
0.3282502220938475
-1.4828574006116582
0.1740596234379118
-1.572761093568273
-0.6457362400029701
-0.06113550416739528
-0.5367599684964567
-1.458583923175288
0.176312722116333
-0.046079850021968155
-0.42751222983388687
0.4036053015370228
0.6402257042037992
1.818894929395441
0.5512492180372125
-0.19109161537639377
-0.17580090886373628
-0.05741181765686546
0.4482563940490561
0.00940909681502648
-1.8481495755377269
1.1230105635075405
-1.2353111888308546
0.07438970487903168
-1.524128013217502
-0.3131379820328333
-1.4711645761101515
-0.5871894255608497
-1.9325796974546376
-0.8234543930601341
0.3097595998033138
-0.11414707824127963
-0.06324398361817155
-0.6467733441602259
-0.2050870309366842
-0.7051390667431782
-0.44450088248672687
0.2034017374364566
0.0019957969975730565
0.10172196454109186
0.018485509170155002
0.09933647389914511
0.42364514840913536
0.6938043782226851
-1.2900592038770937
0.22280896408997813
0.5201524858607204
1.1867344184566941
1.8616748122012645
-0.6313630305532748
-0.6686354534954547
-0.18888722885481402
-0.8682896315800196
0.03180156219186919
-0.37155633214406747
0.20779747715683508
1.3650627711457883
0.6487698201249258
0.1611304592967756
-0.3401216597999995
-0.38697049646686776
1.2174874477777733
0.35680276753663553
-0.5346328710733727
-1.1996950825433668
-0.7281614740998471
-0.0007535888564422344
0.05542414364785176
1.417201919749178
-0.3923533837779991
0.4945130430079624
-0.7436742899378465
1.7498550368450612
0.31320310557364966
0.5951503113850192
-0.8996544604651662
-0.809722387498004
-0.5852051947528678
0.5802196876725816
-0.6616580639920986
1.3965604401189038
-0.6876478386720999
-0.8717959292189412
0.5554238782667681
0.7250131503115202
0.25655343474587766
-0.1956088238573595
1.127698335318399
-0.4041799580307441
0.6071272162627414
-0.6175973731212624
-1.9500503323319525
-0.9281629754311123
-1.2537340972913336
-0.49451810106216726
-1.6654554533334611
0.683378600970429
0.016490248342993237
0.27431116201343675
-0.6944283055709262
0.42655074520404324
-0.07595536668643425
0.8720712991827433
1.075332047191138
0.4904199678510193
-0.8547323098225554
0.9384064440119
0.23553038984891458
-0.5676575154862225
0.35516845866970465
-1.2573425390378328
1.7391605302673296
1.051302163341066
-0.7226191591719987
0.17361976129820686
0.6449973989298229
-0.9082775488185969
