-1.6306451908978774
-0.3140569539289051
-1.024383006152055
0.15282381191199854
1.7127716621098685
-1.159065475668938
0.881320493386008
1.1240954695785854
-1.4387767058565604
-0.11904826140976946
0.642324969880067
-0.06876536393525313
1.9095443899136098
-0.5528526902974132
0.9770965104434107
-3.330610366137176
1.0533005283560126
0.6666007659617749
-0.12885245217134003
-1.7627314321599248
1.5663831449871337
-1.0457046830277545
-1.0469676424847847
0.23224913512214249
0.6574862201670592
-0.36209837520167926
1.3486932497240003
0.595318252774869
0.7420039037738881
0.17747710332324595
0.0023812538468079075
2.0375734521806828
-1.2280383919078688
-1.2731272983629884
-0.9684813352235606
-1.0386056065232552
1.7673196185153919
1.5499374613570025
0.6678841415855366
0.1915002191079691
0.554649825600628
-1.1070927994797337
-0.9430233054748999
-1.79147261471751
-0.7341892367806033
-1.1439445696156854
-0.849480292593085
0.9771263974126584
0.7783451342769807
-0.4022513221304646
1.4706785409101362
-2.552425657186402
-0.4221599928778817
-1.516693148679459
0.40478235824852216
-0.22034052012903751
-0.3479294012147962
-0.883617259483216
-0.08792741436731208
-0.9301584188452996
1.375751557135979
-0.6430966252226332
-0.6134478376767809
-0.4512802376508857
-0.6976733211453465
0.6062737966635884
1.945240698451077
-0.47906850607154877
-0.7690922179023658
1.5738136895951975
-1.9260110348506743
0.7683051868761871
-0.007854941661582857
-0.04803143008112319
2.118109225817503
-0.40001990743601984
0.39554719197101257
0.029043986498206744
0.05309049432526049
-0.040954138788943335
-0.5934876105339738
-0.9483995864977235
2.7534909592574315
0.17930836092933597
-1.2220023467054153
-0.03954871093283333
0.8948363137306029
-1.3615666886147606
0.7397082971803637
-0.5561171547260029
-0.9915503520376595
0.3947933076342382
0.7541885824985517
-0.35093107616771885
-0.9906690294999448
-0.10780465946710037
0.11499966835977961
0.07589085229996498
2.1371542096469396
-1.4502048146837343
0.08257675761529805
-0.38032433639848123
1.8133878149664977
-0.2270764937024047
1.0202578735848318
-0.08011389741131184
-2.2926505780290096
-0.14359978341015878
1.2945983419382974
0.25599088896883826
0.35414427517048414
0.12668434031038625
