0.46149271613621695
2.3003238134459654
-0.20643014655248626
2.1390776311238615
1.0349283515348247
1.0257833038269368
0.5519851298265817
0.9513824557720424
0.24879175698994158
-0.02058471890794728
1.3668517006419625
-0.5124272269429673
0.7584130492031714
-0.0213476392715443
0.5986029110662764
0.00929421699737942
-1.3474962066013172
1.227387617052095
1.0104591615961156
0.36296055230295193
-0.603007951984579
0.8400469542852299
0.320387019032548
1.2045701635065285
-0.20045713946971463
0.1996581574023632
0.5042631925443372
-1.1296479055194748
0.7764733025444257
0.733899084724568
1.3128928113910967
-0.05598173867294932
1.2114984884005484
1.0659394090735341
-1.7264196656794932
-0.13525970173582302
1.1716884121786313
1.3102886275594918
-0.8431220704796587
1.4108508643812592
-0.003274930511500092
-0.1941927245375846
0.05743477527355208
0.9985133419416992
0.1411066546464393
-0.6449770709484768
0.7436782458121562
-1.1100778645328018
-0.6826856247416302
-0.23130625728327905
-1.2864687556278172
-0.943841182445888
0.9192530813435618
0.795913854958951
0.22767088287576825
-1.4115330615070476
0.3446833011864593
0.5671804637938872
-0.9179483494483143
-0.6328258597411743
0.47285547981934783
1.408082066422244
-0.014468598301704643
0.7231660289719093
1.965230044208856
-1.3063353211066726
0.9224386967946743
-0.8533538987391506
-0.2570416355979325
1.55601329963606
-0.7693952388243818
0.23662606311094322
0.4579574019739457
-0.8798148730767991
0.592313632396719
-1.156318152807617
1.5906378776333538
-1.2526657882635708
0.42954333016967067
0.460318619113913
-0.9218277505079973
-1.0346885116892808
1.4288887490086615
-0.9187281768006308
-0.6809344687346115
-2.120230190705829
-0.4097144861901834
0.11214610520780469
-0.8249693229516922
-0.43933897538355776
0.6731789678812309
0.30228714229132886
0.26423408779663876
1.8960560267630278
0.31502963875884493
-1.2121015894442104
-1.285994337334504
-1.6208152664906945
1.2773889140360117
1.4374679968844606
0.18387735961289944
-0.5046688987291894
-2.1112436555593366
-0.6662693962464091
1.0326545526064406
0.49211175094498577
2.0544056760676797
2.146416145640645
1.6464036455188678
0.5583048205742399
1.5174764894446595
1.412364460966666
-0.5499740250622647
0.36278221995753235
-2.341195226181082
-0.03695762479107151
-0.48212889405469417
0.6060283594051274
-1.0512948003826557
2.810697089642951
-1.0905317499841334
1.5991122866160314
-1.6377916509137358
0.1356910860276029
0.09897089583124317
-0.2488057339308142
0.7986852603974257
-0.737497734299909
1.4870739626157656
1.1216279406539718
-1.5744904785736666
-0.640012317469763
-0.5847963094565585
0.488221512366504
0.988896731144784
-0.4425270886244129
-0.4125946732018503
0.5538347938371899
-0.4149454385624529
-0.3191733747046828
-0.3824855540104051
0.044486069826097034
1.509409833727599
-0.5038046434218031
1.15890200668838
-0.33175413789959074
0.12268320379035709
-0.22476545269356019
-1.059734081471098
-0.638507765495159
-0.03743758705475917
-1.0218898022139384
0.26308343494181324
0.002054687283419866
-0.008836810337811463
-1.328801963442062
-0.28911984356032006
0.992243101051953
-1.229736702774286
-0.21262762690061404
0.12760142781441203
0.23451255137383695
0.2308195425071119
0.10133861830020466
-0.5381438202313953
-0.6419322468808574
-1.3023489547861449
0.6430730190447215
-0.8451102448252616
2.758255845908342
0.670375372678219
-0.11756486158466299
0.5638449295075123
2.8778340851765445
-0.9937959492934023
-0.43625553903546455
1.79404603872094
-1.2160404242530414
2.5013000219705264
0.2187979030366011
