1.2938877865428218
1.9011911883844868
0.7286324626814126
-0.7997133245942892
0.6136852609101425
-0.6371786669095988
-0.5118187308476699
-0.8413525924019548
2.031953487927147
0.5189911343849817
0.08532251595093356
0.9672381716028018
0.4832923716082185
0.1304742535481026
-0.03503386787766587
-1.4610299827642665
2.020319596163519
1.1161142143895273
0.2827856773873641
0.2331459348437099
0.2856198479896482
-0.20946349981364318
0.23513135689697426
0.801946767097714
1.7654561538278948
0.791954039093809
-0.3447459528775674
-0.0801273165628476
0.14323161680436874
3.407054436854423
-1.8173169495548442
-0.4986612095196269
-1.364816068217745
-0.9462066168588033
0.1201770768307269
1.0491505257248033
0.861480371928332
-1.1158985406926616
1.13800646836875
0.08889604067378211
1.5616854846238961
0.6552553732209142
0.8619965829257791
-0.8678445027884185
-0.5616546573620917
0.3223119987460143
0.7024368006353959
-0.25497171121717016
-0.8564519436341107
-2.448078913028124
-0.1297363192783606
-0.4260086439917938
1.8072242769904654
0.8968150206575509
-1.0878188898820973
-0.6641609830881228
1.4397419258596535
-1.3705065362033104
0.6831280888495054
-0.12878350001977978
-0.891025621792508
0.9307275357799437
-0.5234769589674156
-1.47515398050585
0.8759763467579448
-0.3915912951159291
1.2915592770646203
0.3773034862325542
-1.9193853731765194
0.14758760512891791
0.7611432326641563
0.38695726955984605
0.6879588710586971
-0.8925288189232744
0.0583182918497552
0.1209701768230314
1.2929546640847058
-0.5141277633840632
0.540072695757409
-0.9410757311896196
1.3889777032776691
0.43769902326591115
-1.0427265810818565
0.6327961314348196
-1.1319137609505587
0.27924726792735755
-0.2068933885496628
1.240565263697204
0.7020252819976425
0.5499245525254912
1.396292734607519
0.710666082346458
0.37844528401478517
-0.5308559424754223
0.6616729223844573
0.30097236855450643
0.5096453880884582
-0.7698938891260672
0.8642375434265289
-1.2930801674852042
2.070120921420574
1.7924067168993811
-0.8228680413784341
1.8555648246383807
-0.2797176920573847
0.15883578140644244
0.6417855463214066
0.29331146477598613
-1.022220934193375
1.1368085912523527
0.9734324747871996
-0.4706936615557184
-0.9439346408844116
-0.7346565522199489
-0.22166343375622963
1.245392787029198
0.8033858121108306
1.552044492121032
-1.5766380559852458
0.4252219295564624
-0.6439384879076417
-0.1801182586704864
0.05333279585381104
0.3882440198429513
0.925652277071322
-0.8066787063211317
0.7610173481079661
-0.1492584688661846
-2.169080471194996
0.6679773340746944
1.3453158811186332
0.7528723853129249
0.055638435763772184
-0.5503365523548861
-0.718985104790411
-1.3726621849420633
0.43075866797220136
1.195017873306303
-0.28614107489659324
-0.8814637512756982
0.9273311753259355
-0.8492970996222077
0.42097224031326735
1.5240944791370161
-0.3186427422947019
0.11198370021565034
1.340431837396824
-0.6012062440615783
0.9228088131745746
0.3747748482566133
1.5436929167550797
-1.0163336342833655
0.14336402847821658
0.07602685219993628
-0.09029173414219156
0.6459548208870989
0.45774774544723
0.2353263413589246
1.0531056145891722
-0.49357333774719175
-0.2945320345785646
0.8477326639389439
-1.4554768058253227
-0.6947565371219709
-0.07760038501547918
-0.8140011365000693
-1.4887227035523707
-1.0632210588082245
0.5922358643164984
0.3041583787292147
1.5103075890687478
-1.4382695833146282
1.25394705858569
-1.0148957208070215
-0.44896174683718015
0.8430106171868466
1.5623320507260146
1.227772511244368
1.1142223246231855
0.6361511283810201
2.347320515160714
-0.5100266696579597
1.4924779169385674
-1.1812202855225935
1.3826017167251026
0.3611830643096313
1.6440412191915272
1.172348212739777
0.5296247622377886
2.051564419248183
0.1680742814681384
-0.5414498295056207
0.4940000831295623
-0.01855039254647197
-0.16948826766016167
-0.533234946703857
-0.07275510621719466
1.4149986366999487
1.8267739988662695
-0.1985803469874768
0.6164417222488187
0.4882656845754089
0.32424635199633856
0.799742117762139
0.33312703687658657
1.652430288941799
0.1949118799356654
0.44561187643689354
0.8321752220101347
0.8845953948255767
-1.657595791218818
-0.5223233695705355
-2.0024004786019627
0.03876123010519475
0.9866674613352912
-2.6874863740939885
1.346993325651078
0.6180472596192672
0.1983547373961188
-0.7859589420926313
-1.1270265974596259
-1.5070626876228774
-2.33558728751092
0.8794706670275186
-1.601133767939618
-0.833085029303244
-2.0189230462956473
-0.2155141686591077
0.562942732260135
1.1291750176391102
0.06402809558338482
-1.4320399038715108
0.8214481067028474
-2.541604448219065
-2.0467480067791888
0.6326397503989355
0.1503085944459976
1.0371747577079031
1.6467394086127933
0.021929702879992092
2.4743003836050446
-0.10669343338730662
0.8589266311599364
-0.5139859526366864
-0.4693999280581483
1.0231853862427223
-0.7449102251388713
-0.8524141445604568
0.008616246047507612
0.015684439835990327
-1.396673487990943
-0.8091749472767436
1.4563808707171513
-0.7508856111636062
0.07182553404202512
1.2264858802383758
1.0250294659322556
-1.3479602966815347
-0.6525759554697582
0.7153914190034398
-0.3130823007326186
1.3632991060648918
0.6747712635376688
2.5505887212648233
-0.03240911051405724
1.6255541052672668
-1.2006344574253138
0.8456044008358724
0.06417327572741423
0.5559141756935608
-1.1523789215778677
1.584199604105452
-0.6406310559028869
0.9591641316256719
1.8388200405288109
-0.18041568863388124
-0.1953189889309852
1.1124439633113965
-0.591757508869849
0.6539926278398256
2.8870214517044146
-0.798926239992989
-0.4114149550802753
-1.4483411734947038
-1.3023144313290713
-1.5545264069823443
0.26890891204186884
-0.2851605348234807
-1.284927867204672
0.4096454176450437
0.5104365814420506
-1.8805565774919473
-0.6061203036673423
2.094150824946519
-0.2743566666441484
0.44499755633226346
0.6999120660224348
1.4136542975154152
0.5238138152085532
-0.3166251394276437
-0.11405924936978039
-1.084269374804376
-0.512430587278546
0.2410997830398026
-3.0428904806918937
1.024785903828582
-0.14192544733661952
-0.27478739196364177
1.1355953747916911
0.6048309621833337
-2.1321184883303426
-0.25281146742753935
-1.2199486611141113
0.34123925203883776
-0.10167271059470132
0.6575009090206951
-0.80934917112934
-0.4068842304968335
-0.7798587329118903
1.7094175524663955
0.20216076026214225
0.835902545267318
0.23803379704684507
0.11284782323154076
0.1242096506084475
0.6190078128625821
-0.974986474468855
-1.057077357786629
-0.268148962793853
-2.197265366811891
0.6192395056276251
0.6629080812225784
-1.4233542086488014
1.0388356090041335
0.6835443015546653
-0.45928532135055117
0.8260163186401227
-0.5412770261632527
0.17038893860918006
-2.0144088434209273
-2.1431248722328866
0.5866289401588622
1.9948825497777247
-0.9127838384155419
-0.07401024453302345
-1.1404172988916546
0.08047295968331919
0.771575644024681
-1.0489438201650059
0.29981967757501854
-0.21637092403228314
0.6045052085745096
-0.1072561080293585
0.9281199535670819
-0.9598666633666438
-1.3408329922363103
-1.9579504179320382
-0.6072222348808477
1.035066337830259
0.0634066526644831
0.6314206243907518
0.1335735165148081
1.2491702256405905
2.2096684313327133
0.37048394287711395
0.9437858795405754
0.043189406312318004
3.0819118011183493
-0.23955743035087418
1.5063409113107726
-0.7224304608306247
0.3164319218519138
0.08594234374978617
-0.392984603619133
0.005145519265304667
-0.008222537334453826
2.0920942010299997
0.00175848379936438
0.5441895871353797
1.2346438771001236
-0.5619270648144299
0.10714781432801976
-0.8296801967745708
0.8221608165089307
-0.9282359687793688
-0.11444661454254097
-0.3511917973959163
0.10433006070171429
0.24109884643040888
0.24872971901159222
-0.4285236719350381
-1.0719354167242285
0.1895139167238245
0.3859411767872441
1.2335589471921218
-2.2107713550508867
-0.052937238150550826
0.9696457005176462
-1.5292866448038929
0.512385197561429
0.24527238746803787
-1.1585775706160053
0.2931851676407398
0.5843304702409717
-1.5024616318776125
-0.44992027664315787
0.14622686473471574
-0.21989087739704166
0.6605017158474779
-0.21400012655822706
-2.530341171007612
-0.9556736451889221
-0.24900737863337222
0.4372283519668618
-0.06348277980839392
1.2138040694611274
0.29730068232710594
-0.014781793341021263
-0.016958264495376046
1.0758084792785947
-0.5770501367416228
-0.06124229981658511
-0.3470404373403804
-0.2098897144482868
-0.1006278621966158
-0.9835156298617238
0.9996757157315767
-0.09225691259091723
0.4221078172809611
0.5066639631522117
-0.7916520707468161
-0.44598886920023384
-0.01366815712580796
0.015034800254468864
-0.8838658984125513
-0.7693055882671453
1.9504938362848019
-0.8102665906678214
-0.4546181254951109
0.3942233229860884
0.3811572677361362
-0.2012535386738391
1.9529187522869453
1.5285993457287828
1.0773098511499815
-0.20276635889180916
-0.9326715384804423
-0.5212494126384083
-0.22979763459705266
0.07531308216383993
2.0135907789779735
-1.2264775420224512
0.659553481990539
-2.2998116726305633
-0.22006052665013126
-1.3505756870202725
-1.8792069714521389
-0.03439586710007673
-1.4099526625572913
0.03672431638391803
-0.9539664996780649
0.08212679837446663
0.17894206928798406
-0.2413889945265412
1.0873779207118994
1.361668224156223
2.2331899064449154
0.07959513610939324
-1.4509807504076042
-0.5542756636659835
-0.02134661896054197
0.9519123571444219
0.9282451038860055
-0.39058778237887887
0.7598732015273788
-0.6084961428563086
-3.731563850926082
-0.18492712894039107
-0.9406063474105923
-0.3514889926970824
-0.6300836616716755
-0.2868542876466846
0.8907493053890997
1.124972574141974
0.5530998540730505
-0.41854480265727867
0.09786592643361147
-0.011584773047239488
1.7332139023055528
0.2255644928463229
1.6038022510832568
0.9543224100494183
-0.4099100400218586
0.8334996746665007
-2.041704088723513
2.27785310602602
-1.8376407831397543
-0.9518860937732747
0.2930195104518153
-0.26573598340851023
1.6509423241785388
-0.5318276910047148
-0.06607745293664578
-0.449889742409467
-0.710403073260139
0.5196548951984384
-1.6663669675111183
0.8561209778282175
-1.1641015681677374
0.7042276069665996
-0.5852360062177586
0.20677840149387247
-0.8515722007936997
0.9089306125547367
-0.25433933855805263
1.468001926221374
-0.9561854528557655
1.114695169736687
-0.3100093178632879
0.4875068086774754
-1.8979845822684864
-0.5630470612787981
-0.12111228509318898
-3.441973405530377
1.9868249343117512
0.2552038863344323
1.7759791653286083
1.8969768770980235
0.41321793781045374
-0.07679912350333319
-0.2625126603938885
0.4045783122280106
-1.4456197727245508
0.1527118270373137
-0.002265985912331594
1.045551866047137
2.553105575707627
1.5115304313925897
1.8313762442831278
1.6493032539927241
0.35718111601372576
-0.4534584260615221
-0.1339917357673444
0.5281330817125494
0.05996039665443276
-0.8853716850325152
0.43606787620196885
1.8949456880991116
-0.05505716032678046
-1.3663084113059882
1.5806652817821636
-0.9427017699972626
-0.8273568985141225
-0.5123520073196229
-0.7135450740254997
0.26015398068622664
0.11917081481541031
-1.028421990720883
0.5427604315209447
-1.201196884188266
-0.8253464776858606
0.1656692929064159
-0.894853492469575
0.3884277533509688
-0.8847445924925761
-0.9491830909398844
0.17966957152824922
-0.0029556329830821774
-0.44016791239058745
-0.8144845614230742
1.3079780857607453
1.6530939144207029
0.17906509743049323
1.8561232524108167
-0.9467672947405084
1.9800646713883494
0.24494287607719656
1.0474942044988218
0.041652677310228106
1.5182168134458576
-0.8115044001567434
0.39588186605974846
-0.977800775945549
-2.520606449710864
-0.9992098206837275
1.3836098612203938
1.5696637692554274
0.06610247590007022
-0.7456216837523925
1.182714521968818
-0.35911900788744316
0.48743303655894676
-0.5946237961211803
-1.3376528245606134
-1.023817442877069
-0.5257834058923764
-0.5197549565967936
-2.2818668868595133
0.1607904148001627
-1.3470557666348402
-0.2809060924092048
-1.9786850899913424
-0.059781813367426766
-0.3594628088647732
-0.1149464654717823
-1.2195830710551516
1.0090454036729641
-0.7718065364692374
-0.7484167401217799
0.5765859124797179
-0.10963937223605527
-0.3376458779139768
-0.14698686387474816
0.5909530435232664
-0.29557073591450733
0.7795365103232428
-0.16636173101912807
-1.627696686646937
-0.5671529800951364
-0.5748603440656984
-0.7745799910428846
-0.6552613101871113
0.11007387955211846
0.1808228711887026
-0.024155315870652023
0.7346784343622038
0.6127719332460257
-0.22724174711433348
0.5538948768857359
-0.4687594712715716
0.634411367757329
1.6569253590741815
-0.25294108800709403
-0.61600560354893
0.23436871462153497
0.4009504357035483
0.9643906360387122
1.3063468235189182
0.15819147500048927
-1.017328883618445
-1.7121398729334603
-1.2195584384828637
0.16266402808084499
0.9839020904964784
0.8668740153379569
-0.23307037547664403
0.22145922649343774
0.14115876499857954
-0.13280871362026644
-1.1798345345838988
-2.043614449896329
1.8695741728447537
0.28257053629009293
-0.20357278351605126
-1.2188396708795046
0.23724595992369865
0.4608854994271116
2.904369246986718
-0.40291170853750846
-0.38495389354162374
0.19914262811085623
1.8955300174130543
0.19807263896990596
0.5960347614103183
0.42491179282835806
0.8914061901411233
1.4412112693893846
-1.798659155013352
0.8818506971400563
-1.0384671648572796
0.9132193337342164
-0.16340199075945713
-1.0916325380706422
-0.3960645858019254
0.5081022239864019
-0.2717837887449008
1.6931482690846082
-0.08332595676950086
0.31716221740079115
0.5170932921068926
0.8353083322436331
1.1692705197687134
-0.42712362078306126
0.8816092007781101
-0.37544755653006734
-0.08920984433540317
0.41861941882358844
-0.9903077955770021
-0.6529379155626749
0.4155862918052047
0.3481230342297294
-1.147952390666013
0.8675185976610096
-1.6097355963820288
0.26095532785958725
-1.4638343331315744
0.6314605594842263
-0.03681933743405919
0.24522412173558264
-0.7888827227088274
-1.6266641409861213
-0.3444754007513014
0.5405367471840093
1.1081366061165936
0.36169096944577106
-2.0753330590848544
0.5807980411366571
0.11399627218703622
-1.4651555531595761
1.6956400497760167
-0.9491382178349114
-0.5147414158935102
-0.28971291882928835
0.8904412680647493
-0.07126108160695571
2.0244923816922795
-1.594966308549355
-1.2882895875597304
-0.7528196097414929
1.6618238434424504
0.10805069731152493
-1.0553780202082577
1.394554153222155
-1.5283827261305818
-1.171234284105328
-0.966703793671373
0.8727101126029705
1.2452857960652544
0.06433073085933748
-1.9917581210412016
-0.8191445470951403
0.08805666314100823
0.7040117173526848
-1.8600766873282137
-0.07115953896384353
0.5595612675216486
0.44457928534641833
-0.7982588668415722
-0.38357877201508067
0.30217611930440985
0.5634540290303574
0.2653177345875683
-0.22489900702458906
0.2807910931332752
0.672260525353949
0.9388750840040871
-0.49477870967124865
-0.7967418668793654
1.4342722468756683
-0.8802835320343955
1.5082973466243517
0.1822200470895981
-0.17753624741448096
0.7098062418233264
-0.7036543395293255
-0.48111295323443726
0.5598549175972006
0.38403029445634346
-0.17500241989601947
-0.6948055276588729
0.795265189369035
0.31752818974321434
-0.7706092072219052
-0.19912745570807755
-0.6750732543585931
0.17539626656685692
0.8788706896263578
-0.7074005471548237
-1.7260633443696989
1.3751668840338551
0.5818927171967597
-0.503364185345472
0.30861050278051094
0.3102095108600131
1.5223361830630446
-0.919827057483247
-0.01183415565116371
-0.4087495507540258
0.8778645665476125
1.532203436570041
-0.45963296412424093
1.0683202132275638
-1.1281665315548937
-0.43437561149482695
1.1936173683766995
0.20988230740277414
0.6263248327314324
-0.17131399454499305
0.11669556691946728
0.1654643179961214
-0.6280859063098169
0.1385062094477729
-0.10165116211763393
-0.058307273757145964
1.0716767939702918
1.309742796030339
-0.2853861453725333
0.11236278519463877
-1.6232743028078884
-2.3214704098844807
-0.8673137455727773
1.0021618874073885
0.558691155017732
-0.09168197318858443
-1.4939201272938585
0.5497792603851372
-0.36997402621566083
1.4400119931396176
1.4550947495170987
-2.2521653001056072
1.912361532982787
0.37230829226207546
-0.7387319648942309
0.20813246775053498
0.8722611956892089
1.71269543824113
-1.8423186941429872
1.1915786029291973
1.4241746843974268
0.37799928120705084
-0.6220887758726499
-3.1559011020287238
-0.7564345150671372
-1.5499423168199522
0.8622400174397539
-0.64828430386028
-1.4892875672721149
-1.1415536807865825
0.9490251835838774
-0.9894375638016125
-0.6396389753983934
0.7850388359085081
-0.180490351952968
-1.2976796913219448
0.8473871680130629
-0.1409550778786288
1.0049230601066492
-2.506358856664451
0.48081850636128687
-0.31814415495155995
0.13141237285272792
0.3527835437166482
0.8035705770616165
0.5417700655513343
-0.329025330471091
-0.9012349690981935
-0.948789505105661
-0.5826276557185457
-2.5538985309405615
0.15960331295952865
-0.8381126789873824
-1.1927243745945586
1.8758072981278886
0.1887231840947003
-0.5732223049891456
1.3031552622480682
0.06133077344629959
-0.830643103221727
0.542451550776833
1.6339243010600895
-0.05652018666239471
-0.29139871713008614
0.10503071060847094
-1.5138089092084328
1.123124405814301
0.06511514493003945
-0.43701248470617987
2.0326405164006727
-0.8426919874512857
-0.7041546547543368
-0.21301697456666113
0.7416889485712401
1.0412174016498412
-0.6270503453341273
-0.740624717039841
-0.8777804731963482
-1.0656256613416448
-0.4471676285523573
-0.3610431231241561
2.092278419831225
-0.5366519480909178
0.3106143144586247
0.8256080953203898
-0.16504300401636776
1.0671715311623908
2.1953686843835483
1.0857585976366024
1.090817081230642
-1.4525796769281747
0.3772140112760734
0.13077519703528265
-1.4806527310453443
0.9243870165926872
0.6788784614303933
-1.276203359070635
-0.550572361907057
-0.1254616483854959
-0.46195274217483084
0.2755789341884127
0.6434395694588837
-1.8985935531874198
0.20709337574970177
0.0910346736564024
-1.722364087224976
0.4210331565779823
0.41604224569909004
1.360485603622837
-1.0752219235507536
-0.2622764182396316
0.5351482247895408
0.2921091802227951
-1.5021268420813858
-0.13230777706931088
-1.2224375259220572
0.19685355765185034
0.2273191266165033
0.4199248303128748
-1.2281096668567597
1.4960577392918946
0.4922010894095346
-0.8233154583203846
0.009771340658480045
-0.09806063415610812
2.4089893978139174
0.22399463240491832
1.1920173661871456
0.8377952961916438
-1.319565564547424
0.6379287995399799
0.05841355317520159
-0.6091935745814538
1.1214464110912379
-0.5333711476578736
-0.42293355322247406
1.0834201636962604
-1.2503908503511847
0.18972092710616137
-0.2680745888067006
0.9889318995208812
0.9543620375545077
1.7562966243265463
0.7341655919774913
-0.8301871628267417
-2.021839276322163
-1.257112459328287
0.5939343006892102
0.21950880647937032
1.0366926715948825
-3.0737482761060932
-1.5145762984245243
-0.27919164243414574
-0.3608927858719312
-0.397667023894988
-0.015590024756971566
0.03239790999467154
0.6429824377657386
-0.8103791323716731
1.2413128792163928
1.070570958839502
0.2197548575790719
-0.7786458109034734
0.10396554580468018
-1.9336370450977514
0.34595867039367967
-0.7488399694985558
-0.35670218545121063
-0.9933144027390323
-0.4813652968991659
1.0109152763227063
-0.35542071512850215
-0.9895597041655793
-0.18199853448388362
-1.8033181791251671
-0.4430898864443628
0.7480538861669715
-0.636947092965912
0.3226993936572447
-0.5595483820892336
-1.2383194246744689
0.3665670606150355
0.5773578973228681
-0.6655774203804493
-0.28617443366284917
0.16803242888256956
-0.061688996729053605
1.2915890933062892
0.15128639094013832
-0.11410752753276204
0.9933428716535494
1.2525943395428298
-1.0984525131769762
-1.4999669841448295
-1.863670836515089
-0.8256887737091482
-0.5534530487751361
0.9041744905516859
1.697275585223754
0.3507977321969312
1.3893582764221526
-1.5360696221650214
-0.9644840346404577
-0.15015517906774375
0.7345208617887774
0.4995750129883494
-0.7620482082310841
1.079905890124319
-1.134710873972379
0.5898914845199549
-0.028141599364704454
0.2751900633420604
-0.9878636966275303
1.359618848556541
0.715603610209901
-0.44578012808773465
0.029796160358551434
0.0057730088229186165
-0.8561373266032486
1.4498803030240437
0.4311487293855759
-1.3014917245539734
0.3809372646457927
-1.4313653050583055
1.0824026611182362
-1.4196712750767593
-0.5237670083877451
-1.0687832932053187
1.2562326294834685
-0.4941562181733506
1.668876971482041
1.009083166929925
-1.1611707093960946
-0.06725275579171129
-0.7471631221774174
1.8674976249374335
0.8742675216401169
0.013129950778251067
-0.23312812345858377
-1.3299394485059963
-0.447231526995867
-2.5618628673199315
-0.3053527347523438
-0.7467333868390044
0.23537945383142922
1.7481511702613144
-2.4140635947854228
0.154141308063588
-0.20024880330466538
-0.7562530298612256
0.8893288334298065
0.433615998585985
0.7894434530707864
-0.6266417783579384
-0.6812602332227394
0.07967878804653326
0.17815685301323578
-0.03174921206244646
-0.6556530126243517
-1.1221518937156856
-0.00622878205770329
-0.9913281805275274
-3.0434798728505643
2.1546761697431034
0.8189941975435354
-0.4505058160939584
1.0344430867468615
1.2159690857817456
-0.8265457323064412
-1.6485239385441917
0.2529986222711338
-0.4451476639995559
0.15432104495907334
-1.1711190991528364
-0.2926593304647553
-0.8604162117408638
1.0615641327368674
-0.45193087321759096
0.6501146003087863
-0.08807365877812044
-1.331069188482205
1.3028829902838766
2.739471485394149
-0.7364887174161515
1.862259801640526
-0.2067411613835511
-0.2313634706294603
0.4506477055898352
-0.959212327780186
0.057634823942419935
0.5970844208720882
0.8335421893198562
0.09118597638856334
-0.0998605183741773
-1.015172571789105
-0.6459786846554537
-0.47949323117841325
-0.7209538848120266
0.9448840208135656
-0.748632568746408
1.9388985306836457
-1.9206498926311288
1.3188942281067364
-0.343631285915287
1.5932918694134317
1.614447534292063
0.9997503158102459
0.3651407483188987
-1.2486528251253926
1.6903057059475566
0.5141358399908571
0.07374231798643861
-0.585654483377006
1.995819436183033
-0.692041075899688
0.8351198520308842
-1.1771419817350723
0.39692753247477724
0.440463939250041
0.44042544960826624
-1.433668619680995
0.9156270994421096
0.6586278610954563
1.1315270423366146
1.9926351343808906
-0.04974099807610255
1.8874490136947657
0.687449188563592
1.0228731642662698
0.018547434978216704
-0.35948857532840794
-0.21238677793082542
-1.9929729896126793
0.20595969201795913
0.3577067808121962
1.9610194447703428
0.9692417466682274
-0.24106742135839646
-1.0849659212515326
1.3309717861924237
1.2239670590759826
-0.8986410186785182
-0.15426915535065633
-0.032480649784814505
-1.2478046406656036
1.477946327230626
0.19056602383172777
0.30643096085175914
0.10845573181355207
0.37661798063387303
-0.1689454170993213
0.4198014893326066
0.9102811470751212
1.0994062728483318
-0.48113263871656314
-0.12444922380180914
-0.1772413930024953
1.172018149060511
-0.8089727987430068
0.3080827070238007
-0.02044330979198002
1.3893207279959785
-0.3355438627706561
-1.319127588544179
-0.2802152810182543
1.2836815164176854
0.17019704231156782
0.5982610573899022
0.552066615794534
-0.40008270045053224
-1.5581393717379493
0.3108854665564754
-0.48704147446305385
-0.6912075979527036
-0.7938882223261803
-0.792118028304697
0.519330305882073
0.24976592594411162
0.8211480978972608
-0.4751408650576159
0.0361304783700506
-0.8510453610421541
0.31712088638440356
0.5878338022244943
1.047465842177795
0.23971913765523145
0.3928564404855808
0.10348687912627455
-1.6969574306609705
-0.01736248414326893
2.7523044953688043
0.7776119142116427
-0.9101964250774536
-0.682591405765508
-0.276165208651821
-0.2991745047457156
-0.01184929740956978
1.1334043828655878
0.5765854124126835
-0.9603558487181221
-0.5105300418300119
-0.721784240961245
0.0921958678556956
-0.7300848295367807
-0.5725562130578662
-0.7449969885132138
0.28477419657787734
1.0949651544533447
2.531206796845406
-0.8610928848169369
1.7960442482714702
-0.17277387858804824
-1.0925906161318146
0.20355443580295854
1.860613246435642
-0.11872635644611934
-0.13956430721881077
0.22222028678495873
1.4592018861568397
0.10851066263234982
-0.5553114260846596
0.3017834251077471
0.9973716980817847
-0.19948422253983722
-1.58935823716571
0.04685636063696562
1.7095663736972728
0.03528715900851791
0.2580166443451514
1.5527681203513093
-0.06962133090789345
1.08767039909698
-1.3174709792325032
0.0631551116321905
-2.2878524957763946
-0.6271621112688065
0.7757289456675821
-0.056148916321451275
-0.2213709155998354
0.8026753685568663
0.699782268046572
0.6373101204924356
-0.6757109766768594
-1.5616351789534209
0.37749284580867215
1.0345535409036204
0.5962874396433936
-0.540231942566999
0.4334125644812622
-2.481801908048727
-0.6232549276135739
0.917921462317133
-1.0955740514455754
-0.998147090662469
0.5626188894380357
2.4524098999243376
-1.413066422096321
-1.360757807574739
0.7429600882914397
-1.207003700452901
0.8132876151481422
-0.23610700206866195
-2.529649157803881
0.9865414871423384
-0.5691084051990757
0.16091402251749268
0.31791325916722024
1.1273941082210983
-0.5452808406764569
-1.0782436602946697
-0.9717353225311814
-1.0103898986090818
-0.06689431892316097
0.2536781943653614
-0.6367248766379453
-0.8608899566756475
1.8472302389499438
1.300699675984392
-0.9660499084367236
-0.944752075765977
-1.4655575294117549
0.6666604949060772
-0.6497027384231425
-1.2805986528336013
-1.0479081026104884
-0.8528070063815525
-0.9353905297377905
-0.11350807270513198
0.7285406987133458
2.309011657311045
1.3672811665941855
0.9269073915979197
-0.5102111606199343
0.02042018815967725
0.6346842218780597
-1.000805125348055
-1.1407830819296165
0.21977666274937577
0.2516078060024189
0.7157275098013417
0.9929802999327831
0.914836605620504
0.04228171860674551
-0.10047187778811333
-0.8565462117431375
0.740683186722878
0.11273450045467852
0.47164576559699734
1.0550439272982906
-0.12341888959094918
-0.27038830236928657
1.033241340503706
0.6900468951935143
-0.29053132966370226
1.820821495788893
0.35653825916630866
-1.564459887605564
-1.5773131464112569
-0.6425002235907797
1.36067447377166
-0.24669710650806695
0.16197565859591176
-1.3030085087454304
-0.23247010739214063
-1.650312163972444
0.26752496203628445
1.2342817545820488
0.27726918873400125
-1.2716505447608817
-0.4758117890550339
-0.9243966783630351
-0.5736379375972679
0.16437897331056392
-1.0434429993414147
-1.9311104961153995
0.8977088973209795
0.11640324976332013
-0.998555283355835
2.0171133728452415
0.7512208356939155
-0.814268039344769
-1.1952374889828992
-2.21764972124923
0.14655877769657594
-0.07520737270072887
0.7022105207183349
0.09685050544206866
-0.8312962702260093
0.2746574052945556
-0.654707769192617
-1.1998382078149388
1.5655929254428542
0.5056515450115352
1.0581435786330826
0.757039449558994
-1.7218872528278883
0.5368066201895721
0.1774901630494592
0.5485716186517889
-1.761828276861729
0.21622907016820142
-0.6461894843560729
-0.6173109579934657
0.21754030556168832
-0.6679795593898803
0.39095791591490225
1.2696546701733562
-0.07689372729237585
0.86248413277927
1.1080405143444354
0.8300791719748423
-0.7600958972008746
-0.013873857416399522
-0.6949383778779676
0.6841203498043072
0.6567621772097364
-0.7541870478826054
-1.2582219044148402
0.6810794374962997
-1.1626089176783858
0.14675703234056536
2.3455335103545396
-1.2949389632847488
-0.991847539593143
1.0035501096242903
1.0223071686957046
1.6718499368134019
1.0063812843692894
0.7253254974219975
-0.09802582604711571
-0.32611438235653895
-0.5381157583278409
-0.5890838536442445
0.6853941690138632
0.2865415573076913
-0.39021538589363847
1.1832123863929123
-2.767535345896197
-0.3055846682218937
0.4824989774780501
-0.14500760120020065
0.3955898333721349
-0.6007444750079385
1.0084151600753315
0.03563452780736083
0.1591603823299766
0.045339974167492574
0.10748518649025737
0.05174900605008467
0.5341226388090579
0.8179208749478533
-1.025147216958524
0.4752750299111308
-0.6474235669909932
1.4937254543854566
0.3338401315214412
1.2727321025448879
0.7679601039568417
-0.21011145614885943
-0.14147637210745517
1.3777168586140742
0.14054470237646474
-0.3714675091488674
-0.5283587781101189
-0.04249078454651763
-0.01282431664730013
0.9592130661505138
-0.014984277722374035
-0.6255337785684891
-1.326874602202777
0.009957136492472658
0.10078810013895413
-0.3222917652816395
-0.5172359519894425
0.001395528502832959
0.7947216228645719
0.8157144607671387
-0.050040378165849664
0.23947709862454006
-1.041463774853965
-0.2758235769999339
0.27175258726994767
0.41610191473057917
0.9759173909985212
-1.6650078603948768
0.4041729048563871
-0.586542038697142
-0.5267611586319858
-0.5499467072147463
0.6594697996886169
0.43113120659043563
0.21147361752804128
-0.32900153158141454
0.011978054515006026
1.0539378733003182
-0.14978098200924286
-1.338603458208946
-1.7908438946963074
1.6556900739957494
0.9242767706680589
1.2439349399921693
0.9796900202535368
-0.30135716650030553
0.8580218544656633
1.9244252767432228
-1.3567725053887518
0.39991130519178403
0.10778887150762008
-0.22369156824652917
0.03470672091539742
0.13742701175671967
0.5344573316975454
1.2521469036593191
0.3790534238763249
0.37857704784332913
-1.108307761435261
0.6218132360824634
-0.17286696441173424
0.5991126486482535
-0.3785512040093678
-0.33401839259994676
-0.46664507605452094
-0.42004878306932203
-1.4863991545591333
0.10255247145815118
-0.7863325727677266
-3.2054671389870117
-0.14746815450412143
-0.3254182187775795
-0.3789371705789299
1.3191800193190997
-0.18620536848530783
1.4317790954244047
0.30562701053771857
0.35387919783594635
0.5556789288442967
1.689292319283111
-0.7583619259984429
-0.1463957370514836
0.4415570646812614
-1.908362309746634
-1.1218492222054368
-0.8198738691534442
-0.22604014717786505
-0.44446452602744013
1.7316314726632334
0.7073529611643438
1.1362797775332436
0.37637973497777544
0.1379388842707438
0.37874826880776347
0.941008969156005
-1.9482378504044375
-0.8502659272839127
0.5309684857055241
-0.09680620685506015
0.6245704193973747
-0.9246176030248411
0.5520601726451382
0.7593528211519449
0.2266878168323046
-1.4082909442365439
-0.9177984498485846
1.4554507631124374
0.7405445971096665
-1.8156181847036832
0.736352431932202
0.36369647268080146
0.7738342599214049
0.6153131580817505
0.1213827549409985
-1.0176955732681834
0.7289693255907999
0.32703040864401267
1.1355939959798504
-0.25039675099190584
0.305811163239821
-1.2041473177964688
2.6116167980752056
0.17576844797297245
0.061658341066808536
-1.1127209293962868
-0.16100021613971327
0.3902674263510824
-0.18611013926681297
1.5166854755333783
-0.3121027835993315
1.2047305369884842
-0.5702261743476711
0.8600154231485709
-0.06557989613564404
-1.5768555130239303
-0.9095760529232991
-2.1211877484916615
-0.6786338250976538
0.04581368080606884
-0.3797024313797642
0.008250516186357765
-0.12121013784163358
-0.9382121925618523
-0.3391472400512422
0.34709522025986944
-0.5666678413471937
1.3672849826603015
2.0106324868149317
1.0229696550238814
-1.794735491796169
-1.1532838131287009
-0.8582413308544968
0.5939994250501546
0.5682968568403169
-0.7313675075257208
0.020725275767421156
-0.7538764821347825
0.3962108779919446
0.15977512607036312
1.6724580414973784
1.248054693808591
2.0004471598323446
-1.3326977350542102
0.1473263988950022
1.4502730107577986
-0.5864869597778464
-1.3082873581262002
-0.5504773123580236
-1.1384457266381491
0.1824727632471364
0.8307282631840837
2.288592064137888
-0.3243067245430544
0.45603276285617855
-0.5520679867046511
-0.22459011033118076
0.44661602614332113
0.09161544242649969
0.943202412399588
0.4949717408872233
-0.9370596143832374
-2.720768883385044
0.10954184270242395
-0.9549783723249747
-0.329042057107248
0.38467563156160445
-1.2058243124803816
0.6841829312038366
0.16200645339258943
-0.13811154090215053
-0.29952823181859983
-0.5848596051005097
-0.07937547320582043
1.5685210917548216
-0.8774286385882465
-0.6443005160057669
-1.1743203295225184
-0.7224496306018683
-0.8504734613046219
-1.2775396022059535
0.779685305611774
-2.2422030172869047
0.49211128899159573
1.3344797689241954
-1.5733844278020392
0.17756032341432235
1.0012630188865161
-0.3433576424537465
-1.3357977858640355
0.4089189168166855
1.9350167558788418
0.149141157863217
2.162186666041801
-0.5194450515798948
-0.6357009282990652
1.087211806156542
1.229676172882305
0.6231089693587333
1.7860600991205935
-0.18057237441319995
0.4818439760537379
-1.849051491003499
-0.01493967970735078
-1.5521741942424756
-2.403767370478918
-0.3693741307196583
1.4220183301986344
0.7854284704792024
-1.0201255981109059
-0.7108641819108668
0.7502496243566971
1.2382120290917342
0.737963550892372
1.0924373346331901
-0.5114489642987419
-0.179667508758723
1.0745784812151924
0.11469544538075456
-1.3424622885375148
-0.1805112218584779
0.9906862211701676
-0.20171257362682735
-1.7821470858928006
1.120756478038713
-0.2784961873357954
1.5543853057391634
-0.023338920943288516
-1.3710448805673017
1.139678571208898
0.9687060183488398
-1.2899493018405348
-0.4133245440898372
1.3819578904026908
1.219393484144102
1.4901193542456312
-0.9071829237038755
-0.545776302190412
-0.871730395457356
0.947906339103497
0.16271965292361343
0.4496987214525047
-0.8379174204542638
-0.0927540987409263
-1.2927990155771796
-1.3034734729248514
-0.06758412979552661
-0.23827393523588858
-0.8931676732978653
-1.142895515493504
0.20643054079381817
1.6055879806304851
0.16228888706397418
-1.1635528848006103
0.37537596324850553
-0.6938327545143947
-1.142088404806136
1.532625047118255
1.576867213433553
1.8797903404653833
1.1381925607437955
-0.08974311132602394
-0.44351636562246494
-0.2771874895170842
-2.340103869905516
0.019103911586677923
0.18565976462556932
0.2993303628663446
0.47218184348034675
0.8054121782635334
0.6467427995791551
-0.3235009262755444
-0.8377279859397548
-0.6714006153556865
0.9163748634541523
0.94912410787268
0.0753574895312666
-0.050961919684058284
0.892792699069106
0.0640065074239383
0.0347347357152837
-1.27376209271784
1.025919839352974
1.75941029167106
-0.4786882119856571
-0.2621012623502582
-1.9566350862220732
1.0162810698242155
1.3151646013669671
1.4837575566607764
0.0677602834519667
0.6667243114095963
-1.564741051736584
-0.6386310660894666
0.0536823923886317
0.9821418802267778
0.6621339241875411
-0.7083228280643493
1.2809797594398453
-0.3182971511358749
-0.2321680098459243
0.4203369647672608
-1.2046801108736978
-2.42586538773272
-0.2947857889638445
0.5828077379361324
1.8164670709647044
-1.3998818464816205
0.4958370674113579
0.7892440369867596
-0.13931429480628582
-0.2241028562407076
0.44286193586715866
-1.1321168528071088
0.4508016143843441
-0.8325671073374189
0.03374958330109232
1.4735943993829164
-1.1257014434853436
-0.61311028504681
-0.03278696173715743
0.05994200358589126
0.9651772760125268
-1.8059425777313165
0.3824511075968495
0.7244211572714937
-0.22677877875267255
-1.136588064793467
-0.05977645898126203
1.1912683664967305
0.0729531216270847
-0.4087017900877573
-0.031739208011785126
1.186914433602427
-0.8706226684338406
0.9850469191026318
-0.24680271133751708
-0.18361553770608208
-1.5029865514671967
-0.09268959426287642
-2.5699516668447866
-0.6966087847229945
1.2531536586559984
0.40521559722494327
0.40917148038720785
0.8654889943897465
0.07883692408220772
0.13460189344508985
-0.9136220031355828
-0.04097319181899159
-0.3865310968741454
-0.37137384488970027
1.337783285416173
-0.9310588285287701
-1.4455655358876522
-0.2906645242125252
-0.6302681331879839
0.79865200533477
0.4531653200258552
-0.7110198491616229
-0.8455612285470182
-0.18879013922572796
-0.6052152471696433
0.9065929352262733
0.17103135973259823
-1.0466925206251676
-1.045138156975612
0.952013872436028
-0.1767860586254542
0.2050846786087326
1.304774004871033
-0.8973665152871378
1.260078580075008
-0.9917371806806693
1.4781859549464018
1.288397947768934
0.7663275768695441
1.37095481836803
0.3168744307839677
-1.2674004900119078
-0.43473458194743925
0.0581755539079145
-0.0143238319686857
-0.542869716614164
0.11448334240876624
0.5317650695705276
1.5408197032760391
-0.058761004340881974
-1.6180832525051918
-1.608078197944792
-0.9878709599093999
0.8011511133734868
-1.757656300315273
0.5925811358159678
1.2138203382686619
1.40495944093855
2.120342332466603
2.573163531594128
-0.2212791025928128
-1.2900556969821604
2.0576882429896415
0.7758397006682266
-0.4016158840950007
1.120133170151033
1.1163083158220284
0.7985648911804172
0.9081949244497936
0.35216445511914357
-0.6641224317810336
-1.3021353711109551
-0.8772386293620958
-1.0663715429077867
-0.501861431824808
0.31962709237552855
-0.6266517553049264
0.8084257239420154
1.0026059098831894
-0.17795862362625314
1.23304764779086
-0.40254363386329467
0.5562227395396451
0.4599296078876469
0.4498549467491847
-0.6842050479036776
-1.1518695283649016
1.4236619057318596
-0.3284260022107344
1.9285128106415097
0.35077132301708375
-0.9548277288414828
-0.24938169407610788
0.25434070511571666
0.8184721242682366
0.11613473203121995
1.0262225573495045
0.17534043005596178
0.6691364606603346
-1.1835951400900027
-0.8125570211531283
0.23696151829555517
0.47510586749927014
-0.1836009697313649
0.014655576250902297
0.36872834285801553
0.3222254561692985
-0.25033211524347704
2.5648145294256017
0.36701911542639076
-1.0888949595585995
0.563073748131659
-0.7240646310493719
1.5284822268440414
0.419685171568534
-0.9976328442084448
0.8932698039455699
-0.7666504378735994
-1.2538798119370527
-0.7199740880313592
1.8850296176210515
-0.4637209551654725
0.747251773415791
-1.022060768541453
0.9326509031432485
-0.15537075906750067
0.4890574537073654
-1.213486465399518
-0.5426352980536525
-0.36524229054318574
1.0387815785538048
1.5683160268701122
0.7482493648849473
1.3778471592221904
3.091475149682299
0.7316577147772984
0.28444459745193446
0.6448467675109252
-0.8213790983581779
0.4303767406776409
0.9885851883548059
0.2289525434274187
0.41293649961361595
-1.0928201349048001
1.2316151610907142
1.4057366413296017
-0.00641158781511627
-0.8369729261418
-0.0694696821793661
-0.20254625548137223
-3.098041227534306
-0.43677484071298084
-0.480592468763094
-1.7229610572827012
-1.0276463800315645
-1.3353890783269566
-0.4660543436121221
-1.7265322132591523
0.24396354144335305
0.009094071502113991
-0.31827935860352785
0.6720927873830925
-0.1789255374462548
0.42118368370269793
-1.074104130285837
0.8090116665846508
-1.8175982253932288
1.6270150411235953
1.0053728845104584
-0.6405437501630529
-1.0891793822914135
-0.010838875601252195
-0.1817921279417602
-0.4339645695926185
-1.2890996413128892
0.4527940115058378
0.42500010622411966
-1.595206815786623
-0.07618973405485845
-1.2892680239037173
-1.2253874618019314
-1.9719494787163077
0.5134412429895948
0.6491971036348984
-0.7790152373544923
0.9141073234804276
-0.176043633587898
-0.3912949115372679
-0.8262467274466873
0.8933339773024644
0.37654120237167454
-0.23232447972923778
1.368594357005975
-0.9051967370134497
0.9913011835991246
-0.004725145882664985
0.29608004706262997
-0.9855106984383702
-1.1261978308103329
0.3593868851605664
0.5306694275554463
-1.6803898232174606
-0.3586723785796913
-1.6359340188936962
0.0014847451826205072
1.722976054197016
-0.11811758424651994
1.7123396504750505
1.1214492111971872
-2.1854792328603327
1.1299622203899846
1.299638792567933
