-0.6876932513690343
-0.40537468386734066
1.0478891796751904
0.9924698320593498
1.5593584666938025
-1.6177331800639265
-0.9772930598754979
-0.7308188158266021
1.1230999325257933
-1.5111591160216156
-1.5148204061781945
1.3365631156400666
-0.555161039666354
0.8657887073441948
0.9842639022772844
0.6638392781069214
-0.13978241598717864
1.6611820744770753
0.8554225840568921
0.8006691997243082
-0.4698706693809414
-2.1329446499462863
-1.0604076313764792
0.19657611101316377
0.4757867879047693
0.4460222965753338
-1.6973978798027611
-1.3514712490578344
-0.5011540275329716
-0.7339269231648062
-0.6533688355369227
0.2429206218952457
0.7091550262968496
-0.6568151853136804
-0.6427946788035427
-0.5632951569540785
-0.14816655859453043
-0.6520146787630978
-1.0819097065427532
0.000687876360153111
-0.14032872305341737
-1.1268577628520766
0.9188628853880143
0.8674178722859762
1.1895289480729878
0.6994658460113019
0.913906610835542
0.6079979491817799
-2.619964004901924
0.18549641843115047
1.1869621579047942
-1.1200140337985496
-0.3794427242385783
-0.2244015069339388
1.5856072215060426
-1.171031373159713
1.708290489841355
-0.84066788000165
-1.4527748998200658
2.5333560366626604
0.23243221502342773
0.47872288059812407
0.4989624434483543
0.44846865272178094
1.9126955613395624
0.6671321463259956
0.1885997518602171
0.9887628012670985
-0.5238552100142378
-1.6555360124814447
-0.031358980487415256
-0.5415362636330872
-0.3135492614323833
-0.13235070767129314
1.012104780632782
1.349575969418547
0.19827967845397457
-0.019362776888862933
0.6100503837106994
0.5813114898454022
-0.4269713995375593
0.7805465458329959
0.4006613991526131
0.27891006544821556
-0.9013379548682479
0.4699283673403764
1.2061772401015574
1.0130973095625633
-0.2660553071697806
-0.7012770446546687
-0.38580441704935564
-0.8697891445144779
0.9547977987935509
-0.7836711871650128
0.4039073488983504
0.8693354767763467
-1.5834396132614963
-0.5609239141397125
0.3706623991012247
-1.7913171206023024
1.1043594074146688
0.4062355523427602
0.680522103193131
-0.10617017645998725
-0.8226704977596231
-0.3295118701049736
0.43479901830655576
1.2085639078385821
-0.032278634452238296
-0.7878626281170534
-1.7748778717051847
-0.06644276902794287
0.12150531679579447
0.7014648668998393
-0.6081659972775142
0.14052058528552
-0.3037753409463232
-0.8582942143090273
1.9012904867295528
0.7135720337572216
-0.7632737529848775
-0.2963311963227007
-0.2623120996539786
1.017443511099746
-0.013854095576589428
2.0817605194203854
0.4074097832270006
1.3833172683113097
-0.8029001538924074
-1.8461330942671537
-1.6998122243424867
0.39449018654356144
-0.25280442111309515
-1.12355344489654
0.4236929966892341
0.07951408783770314
-1.0515171637575487
-0.18337088436918866
0.01234001005157152
-0.2758281686593027
0.06965414952386619
-0.6996961845507679
0.3597558246725988
-0.11257469658989218
-0.9376646967851193
0.7192310829800016
0.5594482650975421
0.23345945253762546
0.5813218916749701
0.4664539733163401
1.619153637525703
-0.8233889063020514
0.2945183098421559
0.2070246767576204
1.6512614466059579
0.32977937378917926
-0.2088896050692762
-0.5156778404421294
0.6628186417405446
1.3376094306245145
-0.6034599698909332
-0.08878572752302595
-1.2024174632625793
-0.27436467447951995
0.12470205635052842
-0.3317116595892704
-1.010214825147544
1.5688485815595443
0.6714013657429921
0.43005168141697
-1.5072050187107364
-0.20300176880532456
1.0443996727949985
-1.4041930852232514
-0.26521714342433633
-0.6928472186432421
-1.1457570714387126
1.0363000078809368
0.21529283437776367
0.45423496209972564
0.2951750502107119
0.9973559081593775
-1.0968752000130415
1.1098564947591751
-1.3593332624308212
-0.5870394000697268
1.245454318446227
-0.10965786297668895
-2.0722988974153584
1.4734953809914366
-0.0654289966224539
0.6135506952244457
0.6085478654401612
0.08812441227195955
0.07380348780916152
0.492449836476331
-0.6372718170831738
0.7361154089784557
0.31489162903433787
0.08964108963095498
0.9689167784616772
-0.37230404417830953
0.40622233077674297
-0.060832053132961916
-1.7669388300826392
-0.5749145297727333
1.1124282643484409
-1.056257285591577
1.3422470806843898
0.30403641479244636
-0.0715088382917645
-0.5173570172939342
1.322975229637265
0.25756742002982713
-0.5633342592464062
0.3470990612470128
0.7193660247329764
-1.5237369904010807
-1.1232189436336706
-0.3489039328380667
-1.7852269371226555
0.12805131202037043
-1.6391792962359704
-0.12081132619286084
1.856277579390411
0.3659041444261477
1.4053835583204597
0.8470788787420955
-1.0312165337524677
1.0784137533946017
-0.3773115613301069
-0.6043128935522416
2.2293406545930687
0.7112357291897772
0.8087017813099634
-1.5690136783361006
0.3733708003189589
0.8357442761943282
0.37634867829739793
-1.2540851211941308
0.9453613539304104
0.332710569342088
-0.9242003868783185
-0.026682635432289704
-1.281549848616026
-1.544359653849568
-0.8061284574031545
0.7093850764565113
0.3984052693887223
-1.1221136240241787
0.04551196991053715
-0.5403630440630152
1.7382490236131143
0.9095985107775456
0.6852909801222021
0.79005180932271
-1.4883595926013917
0.49543612865697345
1.756373001973698
-0.31402707735514057
-0.854994619470075
1.1065459727961586
0.820039082970192
0.97670572784701
0.918903250135091
-0.7056903762907133
0.19371210546335565
0.3246980057345351
0.012403475178433158
0.7414402023344685
-0.35741293005851643
-0.20406564423136492
0.11252923020702327
-0.8366117266749284
-0.3640066372646288
-1.3255279449931
0.5051796029714959
-0.5298631024474421
0.7864559202757948
1.109611962430526
0.13488171190912937
-0.13862097434872697
0.2626434010437617
0.3439503946250725
-0.02008748551313241
1.5893599062202035
-0.17156275927919798
-0.5545306249098362
-0.30862874279625974
-0.6032413963724872
-0.33752315136509486
0.26475064443201324
-0.3774482876450571
0.1573646032535787
0.23032178008854248
0.33230730689959925
0.6883965381496397
-0.43066142289584525
-0.46578042057701896
-1.6469654817934765
-1.9341997421953692
-4.187484832327987
1.4252452621339886
-0.6525836889272487
0.3702227142552821
1.3964790733260701
2.023483751537682
-0.9827530436548754
0.2765656644672296
-0.21125741772881296
0.2989901925671377
0.07988493406980943
0.3726524721130056
0.10092144474642845
-0.16103321068816343
1.293908410958452
-1.1840364539292165
0.44994196776882317
0.153779483488622
0.9669490971053222
0.004718275933755515
1.2789681975321578
0.24580345324655611
0.9727268115515362
-0.4806159975410302
-0.429056021635909
-1.8818325960713556
0.3281927204016792
-1.336557136701143
-0.11819230640152532
0.20029028027887602
2.6497919442213846
-1.2802306271227675
0.08571360257152769
-1.3699901029519124
-0.6544556089927751
1.8458364015595963
-0.8217545938871164
-0.41179063160902424
1.5765393314367302
2.3099894157910916
0.694162601490937
-0.9726173237493101
0.7448924711391102
0.33602642840189195
1.2414567017611566
-0.9208697464839267
0.6845037965034618
0.10194327826638187
-1.7370557891277039
1.0834906308203915
0.8550265542010623
0.5479659310517231
-0.2563772846163963
1.4189977138812044
-0.7813064870645974
-1.2501697887164855
0.016547714289472434
-0.8580061980193983
-0.503969476503469
-0.34669126787852955
-1.2422368291659345
-0.006340686815917817
2.191314730917607
-0.8506647853655752
1.5483048976997316
0.08791820842941772
0.7229746006002394
0.8341338000256572
-1.933661739160308
-1.631135257512646
-0.17412163606851472
-1.7372422110747738
0.06866767265252928
0.6222011305342363
-0.33185042943463844
0.9047089926263717
-0.10971405729217294
0.45849582547518297
-0.3827530823155912
0.6633990858401673
-1.8289149081363896
0.26000110440207647
-1.5089480245865703
0.32511714958818105
0.34351121766612636
-0.07730297637538915
-2.3449483399976985
-0.6606434386627095
0.672229496624934
-0.36933565437714083
0.34684474058572223
-0.24209123410605876
0.6329575198856708
1.1977492700165588
-0.029377012827080703
-1.090805393737701
-0.47556939375833124
1.5128550346379663
-0.44945576260228737
0.25367233871522066
1.4973482241811216
1.02642933741222
-1.5728906562796412
-1.666197470041784
0.036426341769992904
0.11994188995915747
-1.95332071914693
1.3149589732756588
-0.4075829414510378
0.24985182068351572
-0.4756749161298055
-0.9565133421869452
-0.6912400398304199
-0.09390177614306981
0.5711733872196884
0.7700350159745041
-0.32839931346126056
-1.5403328594352825
-0.28596933422747023
0.4744108171325368
-0.5297813542195797
0.22975538170063892
-1.219989069004861
1.543527571495926
-0.3070297580197524
-0.3002850475527871
-1.435296111442277
-0.10307862119575634
1.5785925261758509
-2.0733857909177873
-0.4765382235905413
1.684415420637137
0.436871662095651
-1.992310399443207
-1.327359732541371
0.1858240011121214
-0.34420156250490563
0.9472357659521499
0.4770739338731694
0.07633937256758005
-1.7808270302621128
-1.6283994242293027
0.5992918846391373
1.127182335840213
-1.141728472282864
-1.6395875601371195
-0.9721381339289575
-1.5030359389419152
0.30517930623153317
-1.5781777017816014
-0.2647773834549828
-0.6508807155593083
-0.09660972402112634
1.409987238950248
0.3054297581744511
1.818691022968251
-0.5548659927535244
0.1821284985535633
0.5061430394719484
1.5905113213736912
-0.7068375466042935
0.22083162308956356
-0.07268398149292113
-2.2974637827236886
0.4990819938781048
-0.0726007900398112
0.14221764557077549
1.2420464988915814
-0.9188011251412703
-0.8956638950747522
1.8639052094981465
-0.9647936240072802
-0.05941932875573872
1.6342666394434304
-1.632106311267222
0.5460677370661666
0.32922686962489184
-1.8298854046541524
-0.7506786312819338
-0.8534549847157404
-0.3159261344150018
-1.973809222912746
0.24672708822710304
1.4721703504321895
0.4079231153455383
-0.8272655422048765
0.0840371766265331
-0.20868559283147006
1.9388710105863847
1.5955572290802202
0.5617209008615884
0.1452180379901447
-0.9238415431861099
-0.2516569685790954
1.0781940352455313
-0.7790010130865506
0.18458803043881444
-0.5722772271723423
-0.5347677125302813
0.5302591991539756
-0.1551658607259745
0.13635277565813325
-2.688871455593887
-0.09903009557880059
0.7955359066887431
-1.3560915964293982
2.601380933227915
1.3587954515685994
0.48157287206126925
-0.5035372032806862
-0.9610054068535604
1.4077381741480646
1.250811424124864
-1.509362768365591
0.5027579328985533
0.28937617468476257
0.777156829756068
-0.36399241307101854
-0.15920701430267356
-0.22104629289760988
-0.14633834106374358
0.05388119682068936
-1.7514117206462225
1.6655665544491245
0.34591618161131354
1.2913738169026514
1.6208417800392172
0.6760049412282357
0.6792682124563122
-1.8408348282798688
-0.24607476124801317
0.8248246714397865
-1.0009525922017668
1.163258508099881
0.43736045167299054
0.07731193205661173
-0.920565165022321
-1.3397789798134534
0.7475914483776632
1.632971791336526
1.527129923750881
0.13774790859652797
-1.093089781273606
-0.20446500633505943
0.8046252008584477
1.0950544814371748
0.73980057823526
-1.4951882791236608
-1.1669629634700083
1.5923882169420904
-0.17622357494463128
0.4148706753657353
1.8465471583911826
0.8894206017794722
0.6967779607507141
-0.10541882100579089
-0.7694623627028032
0.17991696577288738
0.13297391706235118
0.7646838903785281
0.644567584426281
-0.6931806221774355
-0.7920351190191828
2.0655575556422647
-0.26901934130839134
0.2079109738741675
-0.1456182521389889
0.03722833211315774
-0.05279038101978553
0.8564398606365602
1.2805562298335882
0.38627457384830083
-0.5471104149101925
0.6297912532633023
-0.11128943750312395
0.955828129819683
-1.9511390793676662
-0.3488975382067104
-0.9241352377789822
1.3095788323700264
-0.8063423126653143
0.7693386149340249
1.7264060233089162
2.2136992840181207
1.341021088715695
-1.3092576064500185
0.029414832017489626
0.9689381771820905
-1.2444268727635912
1.1312142262017122
-0.343996539762768
-0.1755626645631606
1.1865968359342793
-0.08823429003441781
-0.7251315732814807
1.10972424465237
0.5410055616034181
0.33731476482078643
-1.5487735297787795
-1.5670901656815144
-0.5354512726717792
0.5492696795571401
0.6558910640201383
-0.28235544625272424
0.9583227124317556
-1.6915358102573608
-0.856350633424242
-0.6915080796730882
0.09125681779212398
1.0271174729679204
0.7132260011830065
