-0.9048583367241483
-0.18229101075810142
-0.8158475104403999
-0.617158409364238
0.20702056851810816
-0.4913705821359225
-1.1441529813926017
-0.7833577921949246
0.11718976478334413
-1.2810660743006692
0.6303725810832719
-0.2558991867115987
0.03591013600455292
0.05818465676228927
-0.9495059348319176
0.4136461653062496
-0.5661840180054735
-1.2729296492658553
-2.2048862968118086
-1.6489123072420042
0.5263976115783631
-0.32621952597887277
1.0278147606753878
1.8756856790651755
0.2892823775013351
-0.7090207297007293
0.4496411966756234
0.0017205668421157213
0.13104180144053396
-0.5089754036567562
0.15491377864441802
0.15984826624711485
0.8057168021135739
-2.9880851409855267
-0.9434427894528639
-0.1758356828477881
-0.7869493521574824
0.16285925529170056
-1.8787909037056243
2.8421067367104924
0.5476555080227854
-1.3098054885677084
0.417001553598707
-1.5428877244605068
0.7531469685831188
0.21977455714752972
-0.32516883397520063
-0.08654796227533312
0.16353248790310007
0.058355668508502004
1.996945271259672
1.5539631753944387
-0.22045663080691574
-1.009606898798277
0.17720127603762337
-1.39455402833392
0.29873133660333706
-0.5261653700474462
-0.64887327637218
-0.4294865237720019
-2.0209685078357675
-2.2042091726271265
-0.4694410514029796
0.6727945290925528
-0.6554010442626842
-0.3782186823184968
0.048121368665906654
-0.6848435275527635
1.0424815347270673
0.4246991470858723
0.7824632018471386
0.25674893947333444
1.2667820774245093
0.7765584730101059
2.5273621893072713
0.24643037341376622
0.12276764680700952
1.1500228720176722
-2.0866884155984184
-1.4887084652316303
-0.2505755607396369
1.3403896150478278
-0.5480804059398042
-1.1085801251982699
0.23549364018843658
1.0125658670084527
0.72733947658339
1.709499729238331
0.29601522109882206
1.181722582205844
-0.13428567429880248
-1.538213103673916
-0.030417516679233807
1.6766132230816442
2.1872757080563945
0.8438454745420265
-0.9871065540503418
-0.05311815736719205
1.1003531451149724
-0.37978054078998863
0.6950927579377579
0.09586165659606463
1.788926986955301
-1.2398470911207042
0.27664648523581714
-3.4527261198055443
-2.2383424948381903
-0.49539270114656303
0.9328502368697621
0.7700945922763324
-0.578187576581623
-1.9113086096576672
0.06589791541149144
0.7242793070672775
1.3473430309826135
0.08154809597224331
1.06532191480647
-0.24530677116854976
-1.1262196818696704
-0.7037126960910991
1.4023422033323436
-1.3323890211642033
-1.6421937904743686
0.46737954163790657
0.3093590376357334
-1.0577441160861956
0.31204568489166007
-0.04251654765909144
0.08369787927143796
0.467102143914317
-0.9104338990246748
-0.07308306884272565
-2.4323927335098037
-0.8761698060874846
-0.2419590272083793
-0.26898243229368707
1.0188809138727783
1.7171966500485922
1.9315389507753564
0.4620054959963354
0.04646041024088808
1.9691929533526624
0.6234665994494341
-0.981042378949814
1.596136964974453
-2.031595699062581
-0.950447849254067
-0.4275151964169512
-0.14947477258312278
-1.0806311537808209
0.6950416502209633
-1.0122443179311111
1.2046602985826074
0.8610543140595083
0.9326773613654291
1.761349799838176
1.0426684008081175
0.6910329554170347
0.2197479453178326
0.8132207746183938
-0.01149233430534533
-1.0431245228672
-1.306966068591468
-0.2137554227187135
0.8309608138043024
0.4387174165601043
0.8695363124306735
1.823241298848147
-0.07336528377163368
0.15833266097362592
-0.3209446620539962
-0.3653667641526163
-1.1143696000504053
1.111187864070359
0.44078443088713504
2.023142775176038
0.10626871504036867
-1.2302710184239933
-1.1625039528145522
3.181499006229696
0.0840703463615902
0.5901361261632181
1.5342093274730852
-1.3449585640743527
2.1869046322774386
-0.8090923693448102
-0.4182464200816207
-0.2579672512110011
0.9746058233971174
0.260428752407205
0.2508263232876198
1.666761783789971
-0.6306793604909505
0.755879552292039
-1.0664298525625107
0.6556124359714247
0.5899710847342254
0.33346580997281833
-0.0938431215571095
2.1347104741965572
-0.745643560169345
-0.25908471540838757
-0.5605755435480269
1.3846693188724293
1.8429466554035645
0.8118532630950017
2.3226035820543554
-0.5530025814958925
0.8716500536675873
0.657260678418927
0.20088599544598748
-0.4330147689338195
1.7326780544522182
-0.6073677200037038
0.4516312959119673
-0.1767485136825605
1.436321468519373
1.1095075654660245
1.0590082706398791
0.04717102499451238
0.3223516800913294
-1.402830317939617
0.43526840548608187
0.2532835671001483
-0.7193597308785755
-0.13816117974005396
-0.21691666382467337
0.3315620700803406
0.6565229668600255
0.48273167860300853
0.3000118315833913
-1.0288902788662657
0.7705106555477087
0.3814210964062866
1.5097423565608208
0.5996214869971345
-0.2599136990962846
0.8011120901920905
-1.239947790003059
-0.16457297977823782
1.0125528733072187
-0.6757655264465208
0.2188072568840683
-0.6558740183767201
-0.3363957466224519
-0.5776400424362367
-2.420501206035579
-0.16196034957356067
0.6603224878304828
1.326867767822106
1.7903770492568623
0.6988390037344904
1.6900272469235857
-2.6040560684804643
-0.7092566021004486
-0.07845310503629709
0.3278823049648783
1.0354437971299266
-1.7410986001074673
0.897585744721182
-0.3427282408409555
-0.24469200264342586
0.418549403553855
0.14193713405996927
-1.9455306679032374
0.9997750861159088
1.119823490310879
0.188328701634104
-0.2787198957023541
0.5868268805814115
1.0635257871450938
0.7974240657365452
0.043008960793033554
0.4954844714484837
-0.15795108556468668
0.0908122462137019
0.7639007922448234
0.41693190714229456
-0.31920308901337097
-1.1276826357597098
0.42289054307668994
-0.9103031277912714
0.9459021111853406
0.8871557715843307
0.17082272186351224
-0.08531539575179552
2.074805058835471
-1.8353736451136116
1.7325458239563736
1.3819046117560019
-0.2898719997221135
0.11453366609919212
0.4481754139225634
0.484021527115155
0.4546084682516122
0.15664903727604412
0.8950399970354096
0.23343297923868755
0.07655068380576892
0.8902400660122378
0.8806901650508866
-0.636950648794182
-1.9504338727107622
0.4164819766981614
0.03686991865485933
0.6329271023592239
-0.5255757179678243
1.0468706450480934
1.131716306045809
-0.6674468823378025
1.108184381336341
-1.228355512630803
1.4567728430643048
1.1635872065434893
-1.8634271923210948
0.4666174806609896
0.3698587662768737
0.2636411607641132
-0.43410613596519987
1.1640162718887184
-0.42680029062285507
-0.1441340459839905
0.17210348214691615
-2.280084241782339
-0.006182263988333255
-0.17393508344407588
-1.2080226569659225
0.3612551406528353
1.5317170844239838
-0.6131172368486387
0.8071955289950988
-1.1383148469879443
-2.03436832550332
-1.0259437621298446
0.9102905617840953
0.9136241660768853
-0.10149323742952931
0.6959264097020691
-0.9345137493414881
1.0664641808551283
1.7077524377594333
0.28440330474271447
-0.14762585226731578
-0.574137089189516
-0.39153611547444156
-0.4636032071343327
1.5236331960412348
-0.0959303748568292
-0.10627745951824102
0.04144082041657531
-0.5864325632147479
0.189522048544526
-0.7585294470588481
0.6014058944435056
-0.8502480179233356
1.4367733662776934
-1.8804724374727524
-0.608810717553584
-0.24299764417417674
1.7779637348891562
-0.34098539316131093
-1.7437915669514548
-0.08570832833405902
-0.27179889580973204
-0.11761119004231832
0.3182764690691189
-0.8339517873410619
-0.5918118914738439
-0.42718531692214023
-0.9386123522687232
-0.42132390502741707
1.2027298763996648
-0.19966931885068415
-3.1301416395427384
0.89628708260353
-0.7537842345467037
-0.4467058317486097
-0.8806086706408428
0.2287542516600222
0.32918117400113506
-0.14751863235722226
1.8740426686249425
0.1646026718294294
1.9834966899508653
-1.3689177818583549
0.84562348685057
-0.8970643641632039
2.2685112387936104
-0.8110627168600024
0.46706300916507076
1.6069869390575564
1.4740441777759836
-0.4873167861149991
-0.3346972561854148
0.4177108386892195
1.0995969259002403
1.3981906070100933
0.6048850799953119
1.0256337096029837
1.7671095516215447
-0.5397006412928477
0.4478618964740006
-0.46845588859956727
-1.0243515900882532
0.7435576579448622
0.14980597979417926
0.6369319218062007
1.0160774150666643
0.02384689830576648
0.29215976864889265
1.6251400330213082
0.25156911158292117
-0.4126902476871328
0.10997491523535445
-0.5130777714036077
0.18116439069334547
0.667782845725121
-0.47488521814654416
-0.195775547947975
-0.27623191688275267
-0.6662645162394905
-0.5268976245737025
1.440146859289862
-0.13263636455030495
-0.5183385844775596
-1.0950564112148047
-1.9949618525084483
0.6027654128114099
0.015181265020375033
-0.016949177616540863
-2.4769755315585087
-0.569106442364816
-0.012877580778047742
0.7635541451600848
0.06065090497127327
0.49896663588043094
1.8361114619688443
1.0017583252955031
-3.0293926766779564
-0.7162089870430068
-1.1681588529849654
1.6821772859298705
-0.007590776107757665
-0.8661420329728152
-1.212546266593944
-0.9176393442625913
1.192508138698755
0.801740244905427
-0.6244471192009647
1.432945386936318
0.29200881380267624
-0.08633102535169937
-0.6336921054933226
0.5286148821788457
0.07532111261603054
1.0290732392004838
1.8366448092561216
-1.4799192590006605
-1.2451337293147209
0.44156924538856157
-0.08518311070519416
-0.10195366328428919
0.22330784467665749
0.3570683928501088
-0.9522301429257278
0.18532243193596304
-0.4269876196142283
-0.7118332522846466
0.21405827805552624
-0.04994584540111426
0.9616394559256335
0.49962754328971476
-0.2409825961218237
-0.7039365179116707
0.964043621351488
0.6906026903612844
-1.0302302370125513
0.128270713314544
0.41141679013533006
-0.0009067672172775364
0.43435825096166997
-0.420303140697287
0.4455730162202549
-0.4476568609888379
0.2649676328361854
-0.7924603168067089
1.1513798237379378
-0.21361668203522285
0.1691312986729028
-0.3004717691294297
0.5212709332261768
-1.4109529501602165
1.0065002901196045
0.16842205200475804
2.66120318972226
-0.8423996849265386
0.348733098867135
0.2503417040116701
-0.6621831849327775
1.4950128446700297
-0.5323884741059809
-0.467048098342944
0.534983476312272
-1.0053144954394617
-0.1263459640544986
2.312125084829991
-0.6668554813267651
0.12731270701638742
-0.5458701508019372
0.05168696694977859
1.4181182675183923
0.113834689904096
-0.5357392609274683
-0.5853276357563179
-1.4858901741138388
-0.06378011225312369
0.7353951530739633
-0.554834760147781
-0.05742986118413443
-0.5708455261295112
-0.1080945003174049
0.709646191077619
0.7189614989187527
-0.4379118157714355
1.392869196747175
-0.34236287653333736
-0.6115249436193705
-0.9626770327505197
0.551104160607517
-0.16346696084615772
0.086708094292108
1.9835736354597273
-0.5916871151558944
-0.9748849260886503
1.229399936407034
0.7336792489267043
-0.024014287185434715
0.5223859876146134
-0.8668827559602715
0.15993221112185646
-0.384753149324409
0.1532792335375408
-0.10348194917395957
0.4930847024937768
1.7066658654380786
-0.6383598949807278
0.11486231088208786
1.1830366050409942
-0.24939825239687752
0.2323976025843367
-0.03094668179694923
0.8372770183143714
0.5280098806228075
0.9722531285174585
-0.3785907466822715
-1.9609813212422826
-0.23087591475983907
0.16509973744058906
-0.2125212455501522
-2.130062993653845
-0.023033934185431988
0.7314639350270843
-0.047301058143522416
-0.5001855058195075
1.2495697526389684
-0.04280110432255343
0.6710979910875753
-0.3793866165275835
2.315613173812145
1.1613650497320815
-0.047730682101093436
-0.8080564467388622
-0.45703976480797515
0.8912687317516539
1.3217186122299562
2.7803294686253124
1.6396774430633427
1.658058612708188
-2.3105796967184795
0.11769153718019777
-0.3208554604306591
-1.7935266431243966
-0.9327235956752256
0.9380304203668045
-0.3716204568778644
1.1020529535527075
0.0863412205440482
0.9641760518192642
0.6505223612742873
-0.8203346921222933
-0.22474866894304504
-0.7520043770452165
0.9393145207901662
1.21833773068527
-1.573348473321402
-2.1265431335250864
0.040363391063766976
1.7288761748762442
-1.3588906810363044
0.24000552986741477
0.8538156118547181
1.653783117720105
-1.0204049396881507
1.3144332310986229
-0.628160494442405
0.8563122628849498
2.1368253838261904
0.18478197815673825
1.0773706537292114
-1.8766459786432204
0.4822378629465071
0.07578958898788798
-0.45455053154919645
1.9077393978319785
1.235213732166628
0.2943859934493843
-0.5343717236696042
0.2632942613922952
-0.9745631866967835
0.11838918983744881
-2.280598892806797
1.1520375688165223
-1.3439217333177325
0.03080820819667977
-0.5076951113493775
-0.6178309933797429
-0.07620287068042009
-0.43606386805881237
1.0017065512539158
1.9908526932184556
1.132536843288551
1.061684216869808
-0.4346196321600588
1.1173597507405026
-0.9885781879896363
-0.21332244945993167
0.7888576616693577
-0.8836990968548981
1.3796805627529782
0.16297255385001477
-0.7631430987646247
0.4081104098993229
0.8770398747630459
-0.9788430841615559
0.12447209021373216
-0.14987552556807848
-1.4251719572182575
-0.04887526422052934
-0.3960567695344993
-0.06594966785054365
-0.8477869571137736
1.0764045974235863
1.0743513137152991
-0.6886302145577248
0.4746342388751845
-0.34094471341784865
-0.06921881411407434
-0.22062484026389986
-0.5174428395609985
-1.816666358630649
1.1435145268493223
1.47258023805924
-0.006286629481780929
2.3928100704748356
0.07307545758351151
-0.21681527781673782
1.145461459070849
0.5210204974750243
0.16134341683734474
0.9425128350949742
0.042582782879734674
0.4187575755768761
-0.1458611178466807
0.7750011784177322
0.5338228279065129
-0.6414969974399515
0.9396878569969388
-0.7329565337703154
-1.2601964364329523
-0.431530243770076
-0.8428107031669435
-0.25593465476429633
-0.48988372764566934
0.12173182454786674
0.6228261589790653
-0.44813187641750735
-1.4890366463303022
0.8793248336416517
-0.007499382686775132
-1.1419050365623535
-0.12129410687746009
-0.2233400813431399
0.08767483741556889
0.31653941592837065
1.8384573978566194
-0.5749114439057712
0.8163055206763685
0.7095828286471992
-0.7367968789053014
1.017010786899246
-0.04938502119500857
-0.20175171936570235
0.5365518565285563
0.6499820927990877
-0.5928230422341122
-1.4764958927253171
-0.24264071631099718
0.885786842715548
-0.8328692905110531
0.9359715120503764
0.17617001169980676
1.1413665858152497
-0.5469839304061298
0.6154918783092305
0.4305194118848383
-1.1385062342493437
0.7418792729412309
-0.3391002269089231
-0.7219860337587561
-0.3381256123422469
1.6279874777306236
1.6525878942330847
1.153540111991688
2.0699388639398886
1.0410007009633906
-2.3748460053945295
1.0214437863612924
1.0945030072892077
-1.476513854775938
1.4259749638719454
0.40624306195941484
2.5204250137767352
-0.9409601143990963
-0.0633034788287018
-0.4724171684145398
-0.13625140208130962
0.7082810355080984
-0.023470134500034972
0.5560413711029526
0.6294646343589935
-0.6308442326404852
-1.5393596806831094
0.42906981394765414
-1.1394361137888227
-0.010433031464319441
-0.4240560105574401
-1.5256111678091258
-0.24839200423368285
0.6476790042542652
-0.13363326133045617
-1.3261821873640358
0.28535656743760796
0.8138020764418873
1.4696783041151582
1.8267439507665926
-1.3143419117323003
1.4207794632446589
-0.295422914723268
0.5444519492728774
0.7607059986054333
0.43069535832073325
1.281319040100987
1.1265354516775892
-1.0103986219895518
1.472916624780402
-1.2593095231692384
0.3992596034379583
0.6704702549340078
0.42518888027502777
3.0870054231853676
-0.9438682450968741
-1.3376985233488021
1.2449237794999988
0.5693685147364408
0.04748887558086187
0.7793686211405407
0.1405454725675961
-1.11076288385416
-1.1471663832044314
0.4069974350300264
0.5501997176071718
0.5625922449059966
-0.6738116878972524
2.04042493419141
-1.1262330792874131
-0.8538066591718776
-0.5834444972601864
0.5618611803589575
1.480675846067087
-0.9478535952711438
1.3907420118747233
-0.07467205608903314
-1.7321972359481086
1.71674962134095
-0.3606884044530537
-0.24597954592652566
2.551221264896574
0.6635165326597795
0.6151470846524496
-0.3103010136248111
-0.24286564846235392
-0.3714645637731168
0.19106306580032564
-0.5654481976767356
-0.00583460534886885
-0.29609773302522785
0.621105840668081
-0.7329280231148511
0.23502626042735875
-0.15891598188965672
0.6928733859769698
-0.442839546361596
-0.2894258401905212
2.353413220821436
0.23498787213771505
-0.2401380701099348
0.729879627864312
-0.8386357298139784
-1.1227381953095488
-1.9637692874121466
-0.43789825554819806
-0.3241029771757528
0.5406532959448945
-1.1485824942505167
4.182963932597938
-0.5427694832503791
-0.338188873964791
0.9282906509951538
-1.6728023287481555
1.013126748988504
2.1161585154265685
0.17790613737543678
-1.9364445038630844
0.5375954761592244
-0.15071003057332147
-0.42826408597031057
-0.2746085407880605
1.251840542088247
-0.27591412373045743
1.1793334960219313
-0.08572698546308875
-1.602520196397255
0.35291583309602587
-0.12616310680991025
1.0166311226323148
0.5105705630764493
1.59281899182381
0.5218219921571313
-0.49703062203166887
0.5820948058607732
-2.7694265352222343
0.4812691161652807
0.4210134400469122
-1.2253078339175332
-0.9537475808334607
-0.09157381937815182
1.0875019189750692
0.6197993057042157
-0.041913436013109547
-0.5274175795132925
0.3673577219198057
-1.303892329492158
-0.008376527227744363
-1.627084177584116
0.9681667805088171
-0.6798176776202339
0.5519903641337166
1.7630261194050432
-0.6346321638021531
0.5078287796274512
-1.5135082087155012
-0.05226390865415543
0.989836780004282
0.36378242402117733
-1.8043818839760914
0.6128261977111469
-0.21189115814493228
0.9851666966604231
-0.08349055463170255
-0.31657292176940993
-0.6323622303159278
0.28456355710970105
-0.4166844453808708
0.6163105350524691
-2.0806416087823814
-0.9921831241004216
-0.8423798756766259
-0.5368145470821518
-1.3149033787120206
-0.20168189614027482
-0.3872676836435885
0.01065555025013525
1.3610485273065946
-1.4020268935750746
1.990133422744767
1.5791327658818064
-0.47503056465207966
0.2951026931766689
-0.07725070185633519
0.23360788449980627
-1.8290989010057404
-1.0776944021132286
0.26815266621992023
1.1232148242265638
0.6086116076880715
0.3620064603724352
-0.8681444316394554
-0.2592453084159691
2.54944158239211
1.5540902950818554
-1.3345805770097154
-0.5533102448985255
-0.0001322154775495616
-0.791688768841344
-0.8762101748358794
0.3140569767499505
-1.3986857759692592
0.3821727057985862
-0.24962267954862735
-2.189757152801512
-1.2228238655296024
-0.23914639639987978
1.6019029739879702
1.315468146473183
-0.5178172527614987
-1.5607263406796112
1.054405420710693
0.8641741206901528
0.013837769845097225
0.5951916771409682
1.7896165148788792
0.5282363986672309
0.20273652276242726
-0.05186473850308722
-1.3631959541408594
1.708852992332228
-0.3196529287145227
2.841690262137874
2.143295064615387
-0.6487393467264859
0.511313255518022
-0.43466302425175535
0.24792595737725176
-1.7447394062752553
-0.07545203391986874
0.3563790624554824
-0.2407760592303623
1.4590889815175772
-0.8282898833532928
0.28327274477042774
0.6304867722851895
0.28195699144263187
0.17283379305823077
0.6264355509801414
-1.363321041990707
0.6469914462777604
0.38784984991669763
-1.7306186958041256
1.9954470701507467
-0.08551787186765165
1.5516901893797324
-1.6257994215641443
-0.34453450682226405
1.6088972260881262
-2.0086530663934017
-0.6654981094424427
0.12267219117357002
-0.24116758456767398
0.18613921968732458
1.1700915237586782
0.29013087769530294
-0.4148806271886541
0.020147185242266448
-0.1476301001587003
-1.9682410441934426
-2.2663998974361657
-0.3979503396181643
-1.2576564760592233
-0.3562699333328099
0.25425940766045746
1.5039858492505362
-0.4338253544465086
2.5476664117210066
-0.8415815243471831
1.862989018720453
0.6607987568209761
-2.521100914300018
0.8389230250789647
-0.3587666267323437
0.6836737789949178
-2.0591095083530306
-2.665072444313418
1.7618175047174207
-0.7635847700600472
0.10961849039397067
-1.0391427030090368
-1.295693652467277
1.6432704535762148
-0.8351884591887359
-0.3060642566177796
2.075966757910313
-0.13088921158857436
0.8205539834613249
-0.9961702440024001
1.43285612343926
0.121979235355135
1.7551762078017397
0.6719870051179867
0.33768561926694535
1.3229342010783864
0.020161034208968785
-1.342364505150026
-1.7821862659977712
0.6029027708653801
0.18533070385602127
-1.1270130850136213
-1.0187176778054718
-2.950818145756937
-0.330007940587269
0.38938024017081
-1.4072862991766277
1.2861537305331179
-0.6607886936226731
-1.7125478366515983
-0.15177333537536247
-1.5116049221184598
1.6461776568946607
-0.14211171607260412
-0.281422571761672
0.12367360823613523
-0.251911892090811
0.319472762524628
-1.2837232791114315
-0.9652112793674269
0.3539947900651871
1.7771647759281688
1.236560719289198
-0.07231488729939875
-0.8364216026628704
-0.12525174969672356
0.27597045919265123
-0.7433126486442095
-0.6031953712519835
0.5957268238717947
-0.7019232921780159
0.16559166197099248
1.5768046677418615
1.9573207041417737
-1.5155706127168078
-0.9677567448721536
1.6912457524421733
-1.3363724213472847
-0.8912246541902725
1.2834234136713345
-0.6252291368432881
-1.851357855139903
-1.2218406341098988
-0.6694823642018337
1.2070380187098038
-0.40496029240949366
-0.8418722223065613
-0.40221944686331584
0.6290899475009252
0.07763721368802937
-0.5440516267506936
-0.24954685768333534
-0.924962991357077
0.2330927038867003
0.9597774786249851
0.5349453953370342
-0.9252937894801458
1.0326724367122209
0.6745270433186926
-0.3333891093524981
-0.4289372963528329
0.7575239969231382
-0.35896212307211445
-0.9605564584210426
-0.5125433268435037
0.33077814119485444
0.03409504021473142
-0.2815186517709453
-1.0061612604714345
-0.2264488338228623
0.14971500493978862
-0.8184805674190127
2.2355180822263887
0.45207972765878573
0.08703649907254946
0.18878874438609358
-0.1669610104329296
0.31328552295150774
0.237971047574825
1.2164514354210527
-0.7037643519605804
1.241441807453165
-2.554321223462215
-0.9150242101024245
0.39913323927914
-0.48522612505130236
0.7888996789990653
1.7709490154039982
-0.9690115114930374
-0.7287544712541062
1.8320357116307469
0.5382521038655793
0.4162882095526111
0.11051723955264678
1.6474140920797815
-0.42215551050082323
0.33420239545726166
0.7109336519678537
0.8075552148174449
0.5192272933543631
1.0918377499058225
0.23376077324399186
-0.631389780231557
-0.39714733200647145
2.617123086336523
0.21133784998307867
1.4523926004288517
0.09933421063020517
0.582405234272027
-0.5078935442617912
-1.2550044364434134
-2.832314243686251
0.6455587586839325
0.1368785487128258
-0.20117065849547308
0.7046796197253522
-2.276757961326621
-0.014718177961916639
1.182360228166339
0.48748906039833667
-0.9127951940358143
0.9792014220515753
-0.12747701014871937
-1.5078211394227365
0.45293753810600984
0.8659278106190562
0.13688437597144823
1.01584930544677
-0.774974938989251
0.2503747824414992
-0.05667617737330628
-0.012232809199516987
-0.1819563957012743
1.1900909410544083
0.15635910869174416
0.9735365030379426
0.8805844140348802
0.20217351345992468
1.110700279924005
0.6931635722151721
0.2462146411612487
0.765425915558535
-1.6480773018496226
-0.5198997828165633
0.7325276097497988
-0.6687337168515579
0.7468626450258459
1.814443496884652
1.581256153147829
0.8185077466071032
0.0924674910772906
0.2006653106530204
0.6957046162599047
-0.8466499216561477
-0.19461703206433656
1.0028824376657413
0.9937552985384449
0.506691512373007
-0.28661816303833565
-0.48556479935072056
1.3728385755204084
-0.35173525250105797
0.26762522372618347
1.8558039347430628
0.29082177084561045
1.0569527253122912
-1.3368780936555726
-0.15789884004935356
-2.159938209895922
-0.45331442558210133
1.9921441128174158
-0.18045153038308
-2.2066155844580613
-0.003441008842108864
-0.46574644363150264
-0.4400453601819088
0.7197098858088737
0.7921486077930494
2.5658267239521932
2.3340054102561125
0.7381514741129752
-2.2391322312451782
-0.1508763866100692
-1.1670059593067426
0.09571863721376181
0.669270481376086
0.4908834965068696
0.7643105181693123
-0.33452105601490745
0.348351023870718
1.5894519957786362
-0.6128746936453746
-0.6701999378618896
2.693921297870253
0.42286412782345234
-0.3187581566289395
-1.0389562360040485
0.1668682436928603
1.7531733886532557
-1.2302603170932989
-0.19215944955850908
1.4681496061680799
-1.6210190494580752
0.037128062718600426
0.6241669623179386
1.0160852384685914
0.9570725023326653
1.7839389201589506
1.295740964863827
0.043739872505887165
-0.2642060536594427
1.1394976758687079
-1.5913435496033297
-0.8727820508069105
1.2185209118485656
-0.7474629171279082
-1.3144888800588508
-1.0638518725188373
0.5843417643182179
0.878448014675267
-1.623111590837094
-0.03624748535794725
-0.372284291729168
-1.3975677365686126
0.4968103593918026
-0.3626622230721065
1.0391454068010566
0.9924501346525628
0.822392950272433
1.8850447339344072
0.26744137051095346
-0.27425647705018935
-1.683388501814393
0.7773250272754142
1.15676299862148
-2.7211474412990135
-0.9721139648841658
-1.1658275166191239
2.100503817228573
-0.09557745655124164
-0.24743742593642692
-1.0276190261943592
0.012880731635725423
-1.0496812790356491
0.27324738249851344
-0.9859648511647222
0.051952276839621975
2.3215397305397767
0.0860553839719868
-0.8669384223833404
-0.2749393394162824
1.5251824019766635
0.5946024032603466
-0.8680659250646251
0.22489099892571418
-0.8139261065056415
-1.5654070941576437
-0.7734080037604709
-0.16953763421706636
0.17450752990309998
-0.24294847891458285
-1.341805378538159
-0.4310841008625538
-2.4362998795275033
1.343953337731767
-0.38555131153839994
1.7214692840434618
-0.3417153693867918
2.0878935829233733
-0.6180053848387727
-0.8772202174915528
-1.324397004342913
-0.6405164784591797
-0.5409061833774635
-0.26895587611885224
0.9436155182931728
0.5728373467522353
-2.4388296522687294
0.8639532112219619
-0.2655989064663489
-2.2359685936468283
0.9097809681164761
0.8861603310660239
0.4478125602600904
-0.06918232146867592
0.2593069792999628
-1.668594777068591
-0.4338412647904374
1.870282081220662
-0.043896020216144235
0.3098055239688915
1.0167187705118608
1.1872329030231814
1.108303151753834
0.4224540410753818
0.33525683246080207
1.779407686525582
-0.19871677114555136
1.0951832222630136
-1.4369733998268737
-0.10395339938757817
-1.6070816998969344
0.0329119808498988
-0.13561800754714937
0.8380119908408061
0.9459133594373317
-1.2541268249891073
0.7359117358515256
-0.6183675104715858
-0.8577194053998379
0.012803168237640102
-0.6617824300887208
-0.6478912249663854
0.33220363494496025
-1.5341761252275672
1.1368891453892165
0.992485100478441
0.49696700242561964
-0.6090744099040384
-0.733175896344278
0.9957252022135562
-0.46721411903123755
-0.06121496072693152
-0.7944446525302685
0.8263186940587183
1.2274520378579397
-0.7883836560103318
-1.9108941224552052
0.8773382731322968
1.7644454839299213
-1.5161625564726484
-1.0661150163097928
1.8033547360065223
-0.33123166833613643
0.30915220232288615
-0.04002464506255051
-0.941125815239788
-0.024546547219825004
0.17068781894299026
-0.2326428767139007
-0.6461806339878539
-0.12024943251665875
1.0577299445366193
-0.8854360534057786
0.9477849113088892
-2.924592635100492
-0.0008411703598960774
2.2340185069554717
1.1781641331442245
-0.05792829566235842
0.3723208386518068
0.943812395025241
-0.2978709778090049
0.918385357147089
-2.4930357274703927
0.33178481200054694
-0.6774535480317702
-1.808754653437971
2.825200189979588
-1.1027911774778867
-0.7058873266030193
0.8365033746431995
-0.5388525941928971
-0.04529105216292672
0.7984928925758185
-0.3277327632447571
-0.247289624557766
-1.3707182783935128
-0.19935166057707956
0.3615862686087065
1.0940650825121148
-1.7553817803316834
1.2159392512462808
1.636221993295238
0.08692881825778354
-1.648784368084203
-1.0445007858393527
1.1343239782829186
0.9367818289945693
-0.13340288087675953
1.4408588488782768
-1.0394736024107842
0.6770875898608978
-0.5953889136653123
1.196583921132457
-0.27398109162921674
0.09186846354755053
0.3766761789487875
0.3202897892733702
-2.381033812628598
0.43940688554690166
0.023884787148561765
0.6909717548230736
1.9247569026232638
-0.11845600038097692
0.5557423656495073
0.8306279441530143
0.28065059902787004
-1.6923944905136166
0.5008196890445059
-2.694097490198331
1.0601150449521968
0.23289189944094318
0.5201414088995269
2.11982735759811
-0.7225132599848065
-0.55218361437567
-0.2535828972072361
-0.1101724101142816
0.3736698875311508
0.671647649000413
-0.07643880617706393
2.000094246185207
0.10428875772466346
-0.08879673085799274
1.2995251403793633
1.949646944533171
0.9088640731931247
-1.636309728199086
-0.8779428350941755
0.07234146492395094
0.2594303252656816
1.555413502978523
0.644866286459676
-0.319129013989843
-1.5013279992019806
1.8658145478759103
-0.05035187215475717
-0.8083615948330957
-0.4109424514706611
-1.3555051480420346
-0.4133292574609448
-0.14755344924417746
0.6629851401257979
-0.8465804991646119
-0.28282669368769386
2.360359565683635
-1.3807490969168674
0.04230450074074829
-1.2095628283743771
-0.23145400968389507
0.5745963110903793
1.2743029541664654
0.3284511310883728
0.1528442489579643
-1.4366093527853454
0.09489556020144685
-1.5833059691254654
0.38021214822390365
0.47842740640137155
0.30536841258729824
0.08376780473899688
1.296339687128281
0.47998742394846594
1.2495001225134494
0.6684669872300006
0.09788639469542035
0.5804744189542707
0.2762978307503009
2.171596008992165
0.2585297056218514
0.1994801863668296
0.3060615146712026
-0.6212681627524868
-1.30278107184421
0.7376904444318052
0.852024664347368
0.054225658462508264
0.09808877608081153
0.39051774701894876
0.5949359163173867
-0.4651677398214344
1.8177271359937328
2.2251258662168967
-0.548487652742725
-0.23517771391393763
0.3381835326330887
-1.0924286307179725
-1.0198967794731766
-1.1397243358806712
-0.7736804542333594
0.6492955844450731
-0.9123697417359431
0.16002593240167243
0.8185808763981344
0.38769075140512954
-2.8215623702355543
-1.6425420637311954
0.7849939902811646
-1.0812411682441423
1.288980530603109
-0.3615651848734699
-0.7426253806937994
1.268590041615621
-0.77969219261677
0.06391297011266918
-0.3211128867593533
-0.4529431023773176
-1.1691256157892504
-0.31903563321334
1.6798837988025062
1.0186631771559105
0.9538281244068717
-0.16736479211751276
0.16512941402251038
1.2955970263250844
-1.8537417071054494
-0.3912333940647972
-1.4334607996192064
0.14026669905121547
1.1542062585661523
-1.464206276436272
1.09518620900771
-0.8660390122843317
-0.8996115018687453
-0.1765552807885304
0.4685156619488275
0.08945246369995265
1.8958133964836055
-0.6846431256286046
-0.38729555201694155
0.3723230889850941
-0.32714696190993076
-0.5792580562221713
0.1261719440899555
1.1415798498045522
0.011400921724505053
-0.20628534470806034
0.3477053739513627
0.7267992681864752
0.21993039805610956
0.5441246503991916
-0.5517933960221384
-0.06970309077994728
0.061753922821048565
-1.2360419862280665
0.013090372455272975
-0.06837696509533145
-1.8257230719246371
-0.7511142854997237
-0.06621204624156277
0.20504695157429825
-0.7871054042274086
1.54324456575808
-0.36460735715674925
-0.1554057474004506
-0.41400472852425413
0.015967281476650844
1.128749992579339
-0.4154299284912976
-0.427934931904621
-0.5261516763157752
-0.10816576547536143
-1.040023255100239
1.1263580630046963
-0.5969908903510387
-1.8730322186602992
0.453962460814542
-1.7184969108840729
-0.6418156918149507
-0.24547983411697138
-0.0019844004463556606
0.5357590518314902
-0.23257456684113917
1.8570237113217245
1.4163472504280668
-0.4301385516192499
-1.5302979790297437
-0.49238664426669787
0.21672272592157502
-0.4176805655585365
-0.05892408732481247
-2.1616227421413337
1.3943557507635902
-1.0773471800215642
-0.8836933139022242
0.8062234830040468
0.41728549904702117
0.4277105823916626
-0.17454360911507727
-0.83081261605392
0.8197401166094471
0.8764199326995923
-1.2689177077538847
0.38348818799122136
-1.3994971488355212
-1.1280154140521408
-0.48964391697222764
2.0070327894397595
0.912102624813309
-0.10362678190447784
1.182784022348139
0.6448762008854527
0.6889992672487975
-0.009024020523470068
-0.331982650908184
0.5729700976805917
-0.6328014210221754
-0.6040203078833082
0.233017044392384
1.2362490377081556
1.4644823390924242
-0.05173852171233234
-1.5550795186004076
-0.5413111554573157
1.0904049512572123
0.7738860455483247
-3.0919240182942245
0.2021215012298266
-0.48424569497125824
-0.674633602309978
1.6787764644330445
1.1966225280406964
0.029718752406487386
1.2457886329726333
-1.330832610846093
-1.0586980761897997
-0.8182618734742174
0.789813341138676
-0.1615116928193777
-0.6115533661461623
-0.6332715762975312
0.2104187242901538
0.7881769038072333
-1.5639845670035242
0.35172044814975995
-0.3605259877099726
-1.8153712200709602
-0.050014461060630525
-0.6878402543282849
-0.9885339431225645
0.3333171523316235
-1.4159305654088703
-1.285469472961191
-0.5667997513683616
0.6002109700638851
-0.7103630381710274
-0.19593802266965568
-0.34037515539479374
-1.2140037482458237
0.6077814634284421
1.0196994354811297
1.4263993275345401
0.7832564337714047
1.4305902920821232
0.857745035852663
-0.6461658922177188
-0.6802991342039096
-0.478122528906856
1.4789034374905201
0.5291009077640888
1.0867757032740237
-0.22811103090650084
0.046257215725523465
1.2822624930093318
0.3235132013535041
0.33018146963005285
1.3871556167685586
1.0980376842454416
0.5166588848088973
-0.18691692548716823
0.62425776931163
2.210128027619975
1.7312617727340516
0.3669254473195276
-0.7981880911196265
1.8126626564032733
-1.097072820455038
-0.27839003253639233
-1.2422452011568792
-0.15577650228404324
-0.3695925977304868
-1.2222229537135039
3.554298334252762
0.5013950947928781
-0.32795908957079895
-0.49650024128733694
-0.8102723038156411
-0.12502908378002067
-2.10415303491662
-1.295659878595577
1.5281554758674325
-1.487834980623078
-0.8917814550592938
0.7716278954396318
1.515413523568734
0.4850991694225105
-0.2303358668939969
0.2686271064432123
0.8151212975375766
1.859499026877497
0.031629718208031454
0.24070388735203327
2.0821373750212446
-0.2632769738866968
0.33209739874006633
-0.46670846995642373
1.2709880006109293
-1.4382799093815237
1.4728079233248954
0.25011781366154534
1.6170595924542215
-0.4418883117779547
-1.2668090757575974
-0.11457281972010262
-0.3676726138010884
0.9443449460271947
-2.863313578105615
0.9029743507497661
0.3709257490328952
0.5600900115939879
0.8902397597985754
-1.4594561848050334
-0.4091335176998867
-0.3159083663300443
0.3379607319285244
-0.2237050684671785
-0.1774476173892898
-0.4390867763889408
-0.35164540902018593
-2.158756845215108
-0.5452046100939437
1.327023150306667
-0.3588936083203898
0.0925926872416476
-1.0095234599194796
