0.5255373384883176
1.052438700693798
0.1524759924446191
-2.131339097206912
0.37013875900558424
0.33178695431711136
1.6962591927316757
0.7947263290105059
0.6887807253023268
2.057410659790907
-0.8721686843692479
1.721148121644775
-1.0644875108213996
0.3652478926011541
-0.4057422750116668
-0.16557227041069955
0.42006115007498956
0.23322105455225361
0.999580986481911
-0.8035318904493443
-1.7069861331380256
-0.17882543051616323
0.27605385095411156
-0.4291684098761208
0.5301450863061766
1.1460929228432064
-0.1090066846228037
-0.2954759311231359
-0.8319860662904339
-1.497071057460192
-0.4280906959505544
-0.8005914691449835
-0.007709270564865207
2.39047138683123
0.41559680335606836
-1.7589408312573875
0.06328695916685723
-1.5027670995481497
-2.1054099991470534
-0.3228010081789745
0.6583113756503304
-1.002520365933237
-1.038055091537199
-0.5669099466595839
0.00503307523046133
-0.08110655356894848
-0.7297921219821208
0.16715775440893704
1.5183866933169894
0.950108187409858
0.5801388402169341
-0.8093771550263553
-0.8540798314588586
-1.4061353517423425
0.7785403342378959
0.5741234521989861
-0.017169605034213373
0.28427081152905587
-0.46942635101247904
-1.3537810419609955
-0.4631742637111047
0.3739414998049146
0.691308596006777
-0.4031104836438131
0.919585116208399
0.09715504900189385
-0.43215795199469376
-0.6674488672212863
-0.04524469801647441
0.1547484326341569
-2.1030302222051764
-0.6348164666483608
1.84617830599836
0.26236967034366493
1.2526545332029713
-0.191431447913399
1.3995370292538656
-1.147886299977078
-0.6428809737062263
0.6741098505288565
-0.24741479070221423
0.07043822117579436
2.163253609507018
0.26931544135047875
1.1284979694510777
-2.3281400552462133
0.2165819873638247
0.18660249863690107
0.38215739128534637
0.42469381688359326
0.7428332821625209
0.5545742868576194
0.4814553729692544
0.6046313776226516
-0.3757010513736566
-1.0100609555750615
0.24850977257857587
-0.46131804406514004
0.7552832960023035
1.045994116414326
-1.467336286591177
0.7295329862934261
0.5982710969932237
-1.580732266931871
0.9074435665082936
1.0224661739174175
0.13780358028013398
-1.6437124876864444
1.54257149027142
-0.5216058191645065
-1.0417757302615542
1.6522255022005041
-0.8996737243729817
-0.485275012988874
0.5577814264329787
1.117081163823178
1.1743920424707546
1.2976548635537284
0.09751737931458936
-0.316059182738511
0.09713619527645777
-2.346431546023307
0.6529013296590181
-1.7874682300441667
0.21363281653211788
-0.743646843820529
-0.7925692668708044
0.7386110296219701
0.58744388566431
-1.0437065982434561
-0.21524617836759466
0.6491171235466959
1.0875590550948964
-0.37811103984855254
-0.32080006791935767
-0.4850398176735792
-1.9532442569880533
-0.6057386420421168
-2.4914386613200525
-1.6281049109986856
1.6527400353173554
1.3437060315801876
-1.011370223365654
-1.9967880694983247
0.04861372239401048
-1.1620166694010199
1.2017191255641426
0.13976131107562023
-0.37366159073307653
0.5753130775792767
1.3304398965253803
-0.408305955846451
-1.192324038355163
-0.29293022872166247
0.15935094717110057
1.014720412523118
0.011454792267804229
0.5188278884275185
1.135587479891402
-0.956592023673488
-0.5317375603195028
-0.736808895952346
1.6642271409104468
2.189463078355388
-1.0321540369348277
-0.8003353920197057
-0.9978534905962375
0.7565846999605391
-1.053684401394274
-0.8893470800871947
0.48965492940407035
0.20719770498254478
0.1470683944495925
-0.46142184479823073
-1.1525003672853535
-0.06433307290795161
-0.23234298431966088
-0.4165771199865142
1.0307318047846812
-0.14512524597538212
0.9488027132811935
1.1674930488469424
-1.542246191722001
-0.7148205608485891
1.4716577482968218
1.3704516911771598
1.0920119553816383
0.7500943004090809
-0.7532729334941787
1.1444648965106878
-1.1191641586413148
1.0214514683355165
-1.1167468241837988
0.34655011054909357
-0.18627395304174452
1.8012700692623667
0.17173083334498554
-1.2007859822086593
0.23627313638719222
0.3133214487723757
-0.904400603510787
-0.14397354906373946
-0.6844561580829573
0.4378880365288987
0.15824860424317552
-0.9029082972876477
2.3224726563507483
-0.3291864400049896
-1.206562105437473
0.784471850196652
0.43965827837695415
0.7945973284762801
-0.10914266089075836
-0.5872003481332219
-0.21416954381598186
0.3147674100703992
0.19282324089822472
0.03601862574795724
0.09721281792635016
-0.3009752067947996
0.7720101557762208
1.9283255624739482
-0.8820292821996402
0.02202716980477439
-0.606898086925827
0.33017190979451866
1.3056928274522726
0.39287470909098793
0.12313318113653982
-0.6206455894578816
1.203198009589348
2.4476015141972063
-0.5294334985679734
0.7688589174928028
0.8648983123006742
0.7799723335812903
0.4066140406529241
1.0360109807560833
1.008142261356997
2.00477198750976
-0.44427631982241556
-1.0807049063471135
-0.8996395066160747
-0.1982853455238085
0.3037666675616574
0.05821448668787335
0.06599241425954328
-0.5041934510796304
0.11448124787679677
-0.7352681574119757
-0.5204744239596254
-2.602678460300416
-0.5064512361217584
-0.4683428655782354
0.0016039882292109326
-1.095323008095129
1.1857325081402827
-0.035115955756947176
0.7459201451493581
1.3187857873660955
0.07998656142104055
-0.2368675962270129
0.21741468814969953
-0.8919887583466996
0.35198081218650773
0.06442511991467686
-0.04301212701836116
0.38516660527900537
1.4881242933132928
0.17249942453326442
0.28903002266668787
0.27258431253824317
0.6115846072607092
1.0320601046267444
0.419467245364014
-0.21709771287675955
0.9132001550357286
-0.8560875498548212
0.7189505186997243
-0.7374218829530358
-0.23585118658882664
-1.4927816275140926
0.9782565995354496
0.4195097089194182
-1.0462358551152013
1.2446559640897332
-1.2706885584209844
-0.6240865001445314
-1.3999602132221844
0.3892770623675789
0.40010466730048194
-0.6176455361460375
-0.5536429905120539
0.13252274185788387
0.3470129237973724
-0.49874405387642434
1.063481595485361
-0.75315361606196
-1.0907162089008915
2.3289653313194214
1.286999554258123
0.5016444609032126
-0.2950139386830029
-1.0418586726717984
-0.1448477553484277
-1.4648950817768416
2.001911065186361
-0.9755099387793624
-1.3297957680597872
-0.6328015772031222
0.2633801199263818
-0.3352330603120619
-0.5879217249167478
-1.1487771130362576
0.5505416580129666
-0.7874438051338949
0.3187074697011542
-0.7836821540758621
-0.18251804149635867
1.8848418035397327
-1.394971262160496
0.34620928611818247
-0.3767859047703451
-1.3397276246478262
-0.011052144289134374
0.3639803536592473
1.5616262895023283
0.06505624075288488
-0.049784066669882
-1.1176954510703252
1.6942570814276723
-0.9596151616728966
1.255956105646005
-1.5299041464122758
-1.7161832190184705
0.21773334541748052
1.2421873179401999
0.40337345616789105
0.819074060471854
-0.16237289555152606
-0.24915511342112068
-0.09850584914576675
-1.005323623127257
0.14104444150292766
0.02529942458987391
-1.3419569890589336
-0.5761319433004545
-1.0267436175198088
0.9857696187496743
0.6064742620320812
-0.3271894322309007
0.8413479549837942
0.6423997263570989
-0.9556564916594676
-1.8432208922499684
-0.1857816043367064
1.4487302118211287
0.10576515841587293
-0.2407671080559597
0.8430706190626411
-0.7399240932510947
-0.5478681633183686
-1.5246348454136587
1.3665439636561754
