1.428919679442635
-0.2633005740462292
0.8361520008763872
-0.17205297461741617
-0.26922218387916197
1.4194948653593897
-0.586727341324652
0.7428906270170845
1.1100949285008648
-2.064763504829615
0.7190399347600236
-0.40092017880298575
0.6054713939706841
-1.9692530333681761
1.5989204540324686
0.134013444962206
-1.9677262456036935
-0.007833907869692678
0.6083335040586803
-0.6030593172473367
-0.11943581904372304
0.10292503019851865
-0.5954271401492409
2.0506640640188567
0.35007792403929966
-0.735949401111521
-1.5124230701459813
-0.622700440884656
-1.831748656476988
0.6881018655759055
-0.2550073819934906
0.10338062088640829
-0.8011441547629429
1.3053612322560102
0.1717812719412842
-1.6424050026232764
-0.7690843291448052
-0.09645177539145848
0.723207087085512
-1.4013546154390755
-1.2051867965305214
-0.592699113647516
-0.17981950762718885
0.44036897905398076
1.5054638830074067
-2.2658722969592873
-2.480491845867474
0.14040810437349074
-1.696016204255144
1.0268349953627807
0.5684150223226015
0.14513991077774352
-0.005013406520060056
0.24621750148197
-1.3802414116622772
-2.566366893019663
1.3626756380399339
-0.23518260947004363
0.42141518906764913
0.9313922064624073
