0.18247089168255654
2.1136533339137116
-0.2588368011066141
0.7643584934441765
1.4709325428061817
1.4255947938620712
-1.219454949693729
-1.0318479408102792
0.3618020042408566
-1.0180668844808753
0.5690336024670822
-0.2156450917093388
-0.4744809341631942
-0.16515445098619164
1.3423974043551408
-0.6958617333887447
-0.014634267494058835
0.11359633210534605
0.198456926688304
1.2386049470278866
0.13855665865590425
-0.2538850241184718
-0.4850632062177641
0.10515220986321207
-1.0284708530152096
-0.5191146837491291
0.9661831426537034
-1.5369320571084595
0.45341766033066266
1.6672547568561797
1.353988595693515
-0.02755134507606969
-0.6777383096162551
-0.3164260611546611
2.1568164885836234
0.2515421165039577
0.3188641786367507
1.2480906801146463
1.723960948294436
2.344749850280473
-1.0222912654226888
0.36532106149296995
0.22122846146926622
0.07600832521947655
-1.7737339690739615
0.053656383634822724
0.4634449907724732
-1.670210165822807
-0.5870035843802498
0.36438371194067337
-0.38396487621313347
-1.963173076082639
2.7050742100638785
-0.35764221998443957
-1.1774459202131944
-0.23367313295970768
-1.860376545335151
1.3830074937172203
-0.22572874958324224
1.5213934758127494
-0.8508988055112613
0.49295393451070635
-0.447653065292662
-0.4777747953155819
-0.9691109903578281
-1.5749835667048329
-0.31397644159669147
0.31886102984870324
-0.8411922708390934
1.394774283197181
0.2480440738064461
-0.16620883433228636
-0.04935928349822078
1.6386619117644874
0.19283875640081552
0.2622020265156551
-1.6156384920495344
1.1429427821229314
1.11751529881985
-0.8553619093897091
-1.164627007501914
-1.7933418856479495
-0.6298069211348095
1.8451903682467148
-0.22021049223114875
0.21032494161974877
1.1111890751411873
1.161140799051176
0.7869244786712113
0.2838775058028821
0.3672731835652986
0.3732561357874961
-1.121155788955668
-0.8656915888456163
0.9868818635557448
0.5726608431329455
-0.2810662562958677
-0.4083061292462353
1.974945606598498
-0.7496276272913639
-1.4027439159841906
-0.5980154714977771
-0.903900043032788
0.062083814990357915
0.9195308181290485
-1.34703061959076
1.8093297436209201
0.8869640433234914
0.5663986050686091
-0.023578390867673
-0.0032464919768596763
0.9699187878312062
0.015508096923892616
-1.1770099800807716
-0.24370473193940975
-0.28618164643129096
0.5477389301617515
-0.6503028699136483
-0.1376990737233393
-0.5870008812043184
1.1188635148597896
0.23393958280429542
-0.2842257143476043
0.13066858511921262
1.3305121106773836
-0.8582017635229866
-1.0356836222124228
0.6194516541624708
-1.0375573043608761
-0.25240139102378845
1.3311140172967935
0.614341091358995
0.708035884796862
1.0135612365252642
0.40281660937939534
0.08233246524264465
-0.3586984346349098
-1.4906851482100154
-0.14704651373362232
1.809264772125297
-1.258306999268791
0.6350869199616813
1.3163719885705887
0.6817031677305726
-1.0577351475428274
0.39022682193569525
0.47670318325281313
-0.7680813873028173
1.4636319006145728
-0.6144431331382932
0.5222695308864771
-0.09762594676038278
-0.4155535030776361
-1.2370629952693912
-0.6548047034463107
-0.433185662299406
0.2834413496886759
0.018391151290595004
0.4450567120745125
-0.5970740081579917
-1.4400457276871386
0.4897945829664212
1.0747225682487942
-2.172345862369906
-0.29017496745530247
0.39972840009502875
-0.3051176854778812
-1.5498377836055626
-0.8603285505049577
0.3379896470649783
1.1665910070993557
-2.9501954757252684
-1.0992663492897057
0.6558995372136427
0.6435917002837895
-1.6027548756650671
-0.05533620864312461
0.8499175861541262
1.519938924588068
0.28792516293254133
3.580719955333075
-1.0235584083130007
0.9914627515388253
-0.08113624095210818
1.2447000871768021
0.9879663028835883
-1.0026422946706444
1.174825537690997
1.11938888367636
-1.149861112628693
1.4867217536797772
-1.0823785171650269
-1.166241119974615
-0.1350230513332215
0.7002525617817047
0.6324738072261243
0.05556097898126042
-0.8151461921397682
-0.19163000368554656
-1.808389900545609
0.17051493121724
-1.4954798598715924
0.08499796756114263
-1.2367736081404936
0.07643063955941115
1.849354280886457
1.377346495976898
-0.6478661214119069
0.48599917444108853
0.8704873376893554
-0.2942313813950299
-2.269982250994312
-0.6535495217960867
-0.37434896825113434
0.08237574123612325
0.7510686388088164
-0.6741722751340663
-0.03365633437640853
-0.1641219452367201
0.9706083045828255
-1.0509815819443014
-0.30785729777604315
-1.4320207985490596
-0.04076530403974145
-1.4765918253340797
-1.4064593844852598
0.08953465405508285
-0.18990609743095163
1.2803684342060704
-0.9013391239380936
0.387180956054409
1.9172696052184168
0.9004619294694722
0.0424785160015444
0.8716836044489639
-0.772732404473356
-0.5251381275520487
-2.0607482852265346
1.4602880916870744
0.4674379916883071
-0.8137337237078368
0.3370214710842051
-1.1504261510343872
0.7923991067229501
0.09982352572443609
-0.7468973867862483
-1.757417010004902
0.05497415774543858
-0.5684284861716101
0.08246761382185035
-1.3700279556360357
-0.09263359951741562
0.3275156546918472
-0.5960400140073673
0.8058134602601821
0.1622784336131855
-0.5558425267220265
1.8622770895760514
-0.49901290981128876
1.2174457285274745
0.24891774536968567
-1.1512511497286415
-0.7877461514743832
0.4605354941295662
-0.3992741852017904
0.3998560100176272
2.167015185008209
-1.9650398049580502
-2.190052455011017
0.40840986780820077
0.16278137979323593
0.46159236964716593
-0.39376651772239946
0.5464333538542354
1.2876837231573843
0.6467455619844849
2.2445919838020223
0.7415434819098916
-2.339073576560002
0.777152038536702
0.991003074398608
1.633119406674769
0.6216447892231765
1.7403306230883908
-0.7352595227083808
0.2890019188799017
-0.2731794723788659
0.9953370977015813
-0.5541535958139818
-0.07746124980955536
1.0645407923656225
0.14822818530810003
-0.6582411630590139
-1.4839772718370177
-1.0752799153007595
0.3718184519336031
0.9767014649439439
0.07111179390466743
-0.8618957729735124
-1.1413133754040365
0.5312559836090404
0.1551331816196075
0.8191632182794839
0.4449111966569776
1.2181633072047124
0.2525571438293814
2.3104241935870533
1.841961292027682
-0.2685826221423378
0.7350335577415696
0.770556301262203
-1.1548715945046262
-0.5460408574885189
-0.31856528666480527
0.18382343579616411
-1.1153284973758653
0.5746261930637462
-0.13005600621673571
-0.014760371828893087
1.44973765264485
1.4791355280228524
-1.4886079823723093
0.6972813598592105
-0.42470742296679126
0.9472946923085711
-0.5931215999873914
-0.13482940545405503
1.8680696009635904
0.09200292829617093
-2.0358863862879333
-1.5882438095557017
0.3893073877885264
0.8329176194644721
-1.2892472268562887
-0.7286947746409049
-0.501317726772558
0.11701612840373916
-0.7583595083887769
-0.8539760911154715
0.01333607245327287
-0.4368278919665146
-1.206972912560125
-0.6158349051066917
-1.5762595857810118
0.7762854067879759
-0.1507340065877417
0.6560618740833105
-0.8440140743913562
-1.1164527553691237
1.2074740127780195
1.0701645497530057
2.1894917374526823
-1.0126887679217502
-0.05967344120217782
1.7615445209246259
0.17178928286521375
-1.3067852433430414
1.4598787675088756
0.5902524584528477
0.4041390452783949
0.12743836587979707
-0.8127536155195133
0.9993450749151335
1.11670175558551
0.2504868443380262
-1.0565026608520625
1.2210009032807703
-0.7079923931792635
1.1301141584773973
0.7438742751411863
1.6336402940969237
-0.6041289510952365
1.5894294760252259
1.1172259558248445
0.2598918240036058
0.8305321317830162
-0.570079517105396
-0.20346077115173944
-0.36504762562109294
-0.11123971237393374
-0.5160842312598126
-0.37209894249485587
-0.8144674462695004
-1.2906227807260016
-1.1506051895373743
0.059735256977509046
0.052848834292355686
-0.5159516775946611
1.874124214978856
-0.00642124349131756
-0.08249005885438468
-1.276854165244487
0.4092371880669213
-0.09728278243109774
0.46642448466718245
-0.18749825067266232
0.2503053961737286
-0.7067710464304402
-0.3384934771728221
0.3946295836846351
0.19298807021528028
0.28303763908205537
-1.3858678667253572
1.4634888934117545
0.5233869931237831
0.5715506501809163
-0.4446573413289206
-1.602645704941517
-0.5155946009453126
1.787057746447313
-1.1027057728584473
-0.2830865822591294
-0.040723300050396885
0.444218902709318
-0.00881252606893575
0.4979590131150558
-0.933463384720168
-1.3344261226334175
-1.2965663471597728
0.7060553360056802
0.9328269657945621
-0.527508868196087
1.2792421710495336
-2.1972595400399233
-0.05971469641889494
0.03450701495656277
-0.5779147138128113
0.24238269328349146
0.043573008244002884
0.23211040414132109
0.6468272491811015
0.9662816222657324
0.25064418404428584
-0.1774496280572896
0.8274453956799434
0.44506498380535764
-0.050153707147242176
0.25737253147770933
0.7604222968789398
2.9670434522950346
1.3376491007843296
0.9545438128353889
-2.646932088028527
0.9374449764905453
-0.9382756294455186
0.9157696440071551
1.2744254643266693
-1.1541226385933427
-0.5142383013086599
-0.13625593355048757
-1.0338782620437301
0.19716965404625766
-2.662814838513812
0.7475076943313079
-0.49252654393778683
1.0478837512916255
-0.6900250403985403
0.44742671311211574
1.3463547197977745
-0.40348009222064446
-0.4816911095035175
1.672621568765189
1.3751775473848442
0.5522782864251374
1.4150672346051703
-0.610131994875585
-1.0875638230004334
0.8061047184230606
0.5163725830757513
0.565958954104403
-0.8000463585417702
-0.8008051856359703
0.7773831364932109
-0.6208876656386116
0.7919456083276964
-1.5473041317641656
0.15329526816043937
-0.31760237890950266
-1.0145593976257439
1.3193559968079296
