-1.390397157289573
-0.7691974957799305
-0.3574164794923489
0.610256821798715
0.42001999787982397
0.1968639217864169
0.9662798312982611
-1.1071148198412133
-0.7895516564355092
0.8511530312727806
-0.15518193353255108
0.8163050264635441
-0.5585928162432264
-0.9653026769942405
0.30907478423532714
0.6554620041716593
-1.0139589497862067
-0.10184502222738025
-0.0155579391996908
-0.2484827989591121
-0.7831639651018238
0.04428073859938434
-0.6111355325148291
0.09344920420120141
-0.3045995702112511
1.2888230629551447
-0.3299282005872114
-0.721531444528681
2.4178131949660084
-0.023152672527474487
0.25549721894058663
0.7263356894224299
-0.9852355625557944
0.9380059342573996
1.7261267917108725
-0.09558034945878205
0.6414911115949746
-0.2514990968966794
-0.20805333175967988
-0.9416010920679654
-0.6660183167718212
-0.118497086130683
1.0369550971995753
1.1283278494567708
-0.6858820816026977
0.4763978874483398
-0.8911375265776201
0.8464474963066013
-0.4317192875679912
1.158321821674855
1.238919315853403
0.44098639924189087
0.47777593368158844
0.7384820812374026
0.052206658837403816
-0.5861522349607571
0.5043813512155335
-1.3042362112971753
-0.4769078251757847
0.3854162337296069
2.132805503232127
0.0975153864065764
0.8522684737524614
0.08548337071726032
-0.4307087441129274
-0.6279373063523379
0.8570018934346346
1.14937747843312
0.41408729974435915
1.2414382101288894
-0.6841388686059252
-0.6513181997665792
0.08064445979536727
-2.1905000883281853
-0.6950977962573384
-1.2071706599386316
0.36726358802837256
-0.12087815998773542
0.38502757115269304
0.5948699358877371
-0.5222273079880194
3.168789229435015
-0.5593369180988961
-0.348939728923367
0.35727829200236744
-1.169689065779094
-0.1646730293364629
1.6077135142930288
-0.8113274031359284
1.5219289120762252
1.1406399205841056
-0.45941861574208886
-1.0518354530410383
0.6513476336378803
-0.5317063246597886
1.512500709020471
1.8574817273558202
0.06317554551471047
0.33531550740556537
-0.9817218291920587
-1.1770426968194077
0.6222665548210364
2.4042265649155974
0.17199332061167624
-0.9251509234833111
1.892687392972563
-0.6479202830178997
0.3053100835804263
0.09331311340202755
-0.7085583423071431
-1.312974841867894
-0.7861426251041718
0.6748401991356738
-0.1399414548840921
0.32459137815328964
1.8584842193045323
-1.4451470744902142
-1.3438553653697314
1.185911596870202
0.019647046360838437
-1.0612352336469746
1.4504977053211734
-0.5978859075686926
1.099384308467186
-1.8421729955053636
-1.599500754453756
1.099881168613843
0.16643976755091913
0.9732480152883355
-0.6353484078108177
-0.15210373635277172
-0.4043774166755673
-0.9961549795650628
0.29992003891443136
1.682424285743647
0.6530603701727308
-0.8065199839802739
2.1030275937091467
-1.899678922323929
-0.8343559241172517
0.20298076528343542
1.5411170573095383
0.25477843124077865
-0.86582316915474
2.6084172876793796
-0.5458819783247051
-0.3762117995066672
0.12932065078894842
0.0973836564894187
1.4699755646465038
-0.8061607632471407
-0.18965908831624434
-0.2200089185322052
1.1220665852642224
-0.7075642863164985
-0.684364032404515
-0.4754364944842117
0.6429117328147758
1.4989811706833647
0.3878417514748384
1.0313823555964143
-1.5091329766700126
0.4403505696727568
1.0004049301638607
-0.14584251508104779
1.1483640786020761
-1.6527176285927636
0.40777976529503274
-1.108290386368113
-0.2825155322190982
1.4790897767588416
1.4989088365870378
-1.9525193061893886
0.5627154458156153
0.10990328844540653
-0.4092135891272245
0.8067645367816726
2.3384776019639197
0.3006330233424024
-1.875226377363206
-1.0449039115930514
0.20202395941481
1.410964026398299
-1.1605653073959834
-1.2185649088720716
-1.7290910628266911
0.004844862084944582
0.46577320615100726
1.9284954659969409
0.2752941020587424
0.6251460963764155
-0.7171131181044493
-1.322359858334541
-0.48562705771365655
-1.2170996812368189
0.4503900354979276
0.38074827710083653
0.31491961832177046
-0.08462820799745828
1.5556592157541151
-1.1788346036322532
-0.146156276585374
1.3274888117016628
0.335397096609119
-0.8632004890405902
1.1343973880840383
0.43884408215546744
-0.4328843127664633
0.633549374079084
-0.032715576211097636
0.12111061775793401
-0.6233101872505632
0.06242464873378014
-0.4574116661674861
-0.03436643252280027
-0.8049941034581491
0.8369826901815729
0.3865072442769426
-0.7084266201192679
1.9516434343196805
1.486936483335277
-1.844640752542207
-0.7663261672355354
0.37980844940506153
2.3931861538475054
0.2595012606988834
-0.774466842113571
0.9555602275062586
-0.2273245465950569
1.9976088360866102
-2.0403546495142506
0.05662234174799767
1.9877736344586439
0.9464229889991426
0.2061705216003673
1.5162028573386082
0.6546016600406134
-0.2053223354724419
0.5015654181984613
0.8436593303266947
-0.4306047618894359
0.0485365815335346
0.5757908054919273
-0.3299005695548581
-0.20270233596884793
-1.1950126834818064
1.0670451866503496
-0.32524324699727986
0.51022271590823
0.883578598339294
1.3448823963004581
0.14496156660284798
-0.2928663577859514
-0.14063392553547702
-0.8881966611529033
-0.3535909019856121
0.09530553604020568
2.1272828467434213
0.3266113857952131
1.2620377924167576
0.7015394820192418
-0.44017546890614456
0.8525570668581264
-1.7478940395668012
-0.06280029253166698
0.9781480251850871
0.4377429936300482
-1.0584704630683246
-0.4166747002797628
0.490256226955609
0.6395132523150082
-0.5204097479768014
0.11443867841103067
1.8174685104586785
1.216159204018656
1.2816414753638452
0.5786860302705478
0.3163323673940932
0.8838213348495401
1.0857983603254155
2.069594529209901
1.2651226192301217
1.296324395265549
0.784164592346993
-0.7016682695703248
-0.9355341524398697
0.3209702527490649
1.7360482728156161
1.3893086237743633
0.24666296341254684
0.4927024931701599
0.5512864132590234
-0.331273419453519
-0.05166586971602672
1.316159008683172
-0.10165091509063733
0.41667332183691863
2.1781416215539635
-0.416165300607417
1.6052869670758287
-0.9131387952841872
1.5273666086550222
0.6390078488810723
1.0574746243586004
1.498542159866511
0.3531068594704115
1.5142855313511716
-1.8039367186060697
0.1613507626365924
-0.09461856807614343
0.5807912117562972
-0.8475635353683154
1.7715835863593579
0.04414264917574998
-0.1272461479786226
0.15596881933647272
0.02979604690749871
-0.08456637174919848
0.2203529084374138
-2.341222822745798
0.9106050051182427
1.2046261805324552
-0.818223895113411
1.3176425345166305
0.26695627411649014
-0.3775428896432392
0.37254102405836736
-0.3784487163630239
0.23537259382910344
-0.31984079200291704
-2.1977437809014893
-0.9590687639662153
1.6246504221965954
-1.389587975170228
-0.24358841949809384
-0.5079994672916224
-1.7758514381699442
-1.4930795673271133
1.3137985613843923
0.74044745179982
0.05525314821997524
-0.5272150478684016
0.14726918960028865
0.2982742455451914
1.0483762475906055
0.5043434032836991
-0.07947556442023805
0.18490664257177342
1.966004207988511
0.41934676393387704
1.2059891950023625
0.15645227368983713
-1.1314461550355084
-1.1180859841806916
0.6031316340016275
1.064719360174759
0.39192645534441645
3.1249548102777265
-1.0544392862133272
-0.5726644487375562
-1.0303187854057225
0.6154282305398957
0.7411958225721673
1.8526911009243479
-0.004551163252354191
1.8562691272280338
0.4864648449629669
1.8592171465303617
0.07585409467506998
-0.23084419862323505
2.0174996038092097
-1.1526667198008462
-1.1189014069527379
1.1445092523628881
0.47472497481311665
1.9533485592782929
-0.5058831216912666
0.18345295159030228
-1.188048618746814
-0.1991953540232882
1.0241475007401108
-0.6218480669724327
1.3249456648709308
0.4243776912596266
-0.24021574632631623
0.5675493822326413
0.29784846860503866
0.9412896679616601
-0.3140282799764496
-0.13974970585367832
0.7406516852045797
0.1332170675511637
0.5666536867239791
-0.9927185425231227
0.2636157262206439
-0.33018205097317316
-2.18092942204424
1.3778742481898918
-0.06436611304292357
0.5317566936248258
0.2910506123827146
-0.7388347060532193
-0.42943511518163535
-0.22041642473625128
0.6925327199299769
1.9587178585974248
0.6074117478754385
0.12928310452467268
0.6042472064875758
-1.8906335091126374
-1.2185782230858804
-0.90326827083293
-0.28565260479332183
-1.300936370616157
-0.22357098485282584
-1.0692729426044907
0.34094768561794686
-1.0322874398718669
-1.2767323665730699
0.8490431706249233
-1.423101312101608
-1.3089535301141761
0.5915524614303381
0.402028219682422
0.46752359488015927
-1.7092345915456073
0.9817102173162063
1.3130191837850655
-0.8114300708365418
0.8597116885094231
0.11820840860238008
0.787545779079281
0.46524170011257565
-0.8332995468094759
-0.9842070681940831
-0.4439003709553817
1.2960065058322938
-1.25109347387312
-0.14902655456048952
0.3870465717474708
-1.134021782203661
0.009537854213219508
-0.08106449200774579
0.23520754397158428
2.7646130683097674
-0.10173560978757923
1.056998295847887
-0.13901214469945353
0.6270271580248502
-0.009033655835366201
-0.31065693114868376
-1.8359691724831662
-0.5455053966847149
1.043354744888086
0.725300731297295
-0.6719026233268365
-0.6100335705229813
-0.825015568830697
0.8387820462608101
0.6669799037205387
-0.14647770699607235
-0.5214435962069788
1.4434817567333968
-0.5462112852614638
-0.6382425639580568
0.2128111287345442
0.16898390258656984
0.2777566104626899
0.640568632219808
-0.9034413519500739
-1.8505577862387217
-0.3548051811085065
-0.044047975192153456
0.11494310670294565
-0.3025050413119638
1.3293066334115062
0.7128762411347832
0.7265768653126509
-0.5673527395674336
-1.1482067754060934
0.06823050909265307
1.197021009416308
0.5819208585812431
-0.7004847132907149
1.5347744747761567
0.3101900071622324
0.9810971423700946
-1.3963332227765062
0.3698299069212706
0.3099852239828038
-0.8933425749611518
-1.78906166036185
1.1150958288478323
0.5234210277889254
0.5580066085163491
0.5451704316624146
-0.2816781299411162
1.117790046341718
-0.3142259186238399
0.45172828905528273
0.12223897159644877
0.9237165540728727
-0.6529519024272316
0.32072707750124224
0.6035306883016098
-1.3207888952647777
0.879382437932529
1.9651529780029586
0.6702502884755319
0.47811091422542157
0.6420599944569182
1.2604131489665313
-1.21077212332561
0.619052472564236
-2.112316983809364
-0.533364317472378
-0.4632104691320203
1.1320317124960417
-0.3511856563660082
2.173208254071642
0.8787443397303137
1.0005974422501702
-0.22474238792305073
0.3648328235609836
-0.360614899166114
0.39491376688721114
-0.16466947713673596
-0.8170768560913592
-0.6747294263913176
1.5563385348663035
1.0028956669567375
-0.4332827883903019
-0.22275734289831875
0.5199617369165843
-0.007375783161771907
0.5018610304538592
0.9823035567996593
1.3618227094244921
1.7987428542544608
0.5467954112114914
0.36158744093808803
1.5699248868303146
0.6582652568994053
0.9784005660262324
-0.6651854777430293
-0.07809576360456687
-0.7554022495309021
0.7629378706415583
1.1361700923188587
0.6714111523681792
-0.3063560182934864
-0.3276833153863076
-1.0343698579301595
-0.22534695882406955
-0.7596928917408878
0.12725095295805094
-0.2507433762643358
-1.2462474939831725
1.1965643613525498
-1.6441214198280263
2.188544985012037
-2.309672913392524
-1.5351656906276552
0.6308987786158481
-1.0600458463752562
-1.719034773889077
0.5665074412518366
-0.4592705327074694
-0.5654616341745711
-1.5236320518189161
0.7368155245542027
1.0062625384230717
0.6696854985026639
0.656760805320035
0.4414884366135305
-0.08559465189814966
-0.46352050391423705
-1.329772797430727
-1.2663112382971342
0.3434485386292401
0.31414777428371243
0.8038038495066153
1.2382678641019422
-1.8051115270058746
0.7865062914459559
-1.5658890103919691
-1.6260894785919813
1.4855790714221482
0.08724088717676505
0.23648050150915098
0.4452206616917563
-0.09992369407872724
-2.033269818128318
0.08500869588584171
-0.9636116702690938
-1.6315660362836755
-0.27856507851830115
0.717564909686887
1.3419921335383644
1.6330817642570816
1.351047830949632
-0.801773675709742
0.10291909575615243
0.6834612824243677
-0.7581925741228636
-0.3264191888434385
-0.4345825655980985
-0.27308798604995027
1.1941666874120778
-2.1835458378374257
2.6175950586337544
-1.2977246754820408
-0.9872349961843468
1.8020449712414928
-0.6782103668056645
0.2334323056935149
-1.4352922135144988
0.34851822649472536
1.3711331253058243
-0.994447865521099
-1.811971165410885
-0.049694133965399526
2.837973745912822
-0.06852063166923816
0.5890153002806872
0.9571037755538949
-0.90244128940722
-1.759409999481406
-1.4658076182168664
0.6488744805865976
1.4337781357228294
-0.08331890310526256
-0.25554399463500443
0.14311362384442608
0.047458045309090084
-1.0157451355084224
0.1589942342202991
-1.8453192398011016
-0.40012788060992033
-0.45029730649199073
-0.9485143260940884
-0.2663807158855635
0.5305700405126939
-0.16685590123705923
-0.1227546939469143
0.03984618152852361
1.294521761507529
-0.9428222037603036
-1.0856243673667625
-0.8758825818737331
0.2348682488821872
-1.9145748726597862
-0.3184955381782751
1.6554144900752221
1.2724603670281116
0.48777228572454767
-0.04471354873566686
0.6796933641875079
-0.32518337195692987
0.18149982545439566
-0.13055800069358875
-0.7610769025254317
-0.9563923316413371
0.09001380868983591
1.6871192284280268
1.8981148521809474
-1.5596981066240967
-0.5442728675946711
-0.4948291622154384
-2.269938901214101
-0.3827815641327476
0.6686590697533701
0.16321702121829504
0.08948505423722207
-0.9335311451554154
0.15172050261549216
0.08780819902009564
-0.14047486826141797
1.0299810527591777
0.7930837849324212
0.9247115991863686
-0.14843208275776734
0.4305703218979893
-0.52228702993553
-0.4033402655438342
0.24716846339793194
-2.1806783563627996
-2.001979321112734
-1.6024820755877995
-0.5287967671077971
0.9684556931563459
-0.29209921292849056
-0.7141895371862845
1.8589793673850443
-2.1099637057329983
1.021665184360613
0.9443677269733161
0.40517931691311787
-0.5273691298743803
-0.10776389607732628
0.07274387803539033
0.5833946801188773
-0.31839498930056487
2.891338014878408
-0.36396599444204436
0.13782918993082263
-1.2629506750757213
-1.1912664657819336
0.5386577512753647
0.1696863197654787
-0.1697441195841073
-0.34488110643175873
0.7997948439092079
-0.6928540809077048
0.7768916278735423
1.7023076374583561
0.08348721164303508
-0.59603069447578
-1.842131085213413
-0.8987034580484933
0.8053481980555285
-0.2892203684943252
1.1929778052493325
1.4880106106187314
-1.219354341622384
0.22222987074695724
-0.9810323623646328
-0.2039934581953475
-0.4326365414936036
-0.119216455805578
-1.079800533377909
-1.5118625463815702
-0.9884241364870122
-0.1303514614751531
1.7061557814864368
-1.4013538948819269
-1.5634032409943592
-0.8662177468724076
-1.2260503308100656
1.1174702590194807
-0.27736607983338585
0.013272442776870624
0.032576687393881365
-1.205428668682148
-1.1423961117732584
-1.0457387971881007
-0.9506412483974208
-0.7823105546213759
0.5202907705154578
1.684747216323427
0.5885162827240041
-2.286590080638271
-1.6928412481362174
1.9873121197359689
-0.9273393806998711
0.4386417449565696
-1.459633140945361
0.6231926212259422
-0.21373571211325829
-0.7068955451418859
-0.5085261295972368
-0.6482266533457373
-1.03788190966697
0.7022123765026859
0.30765918188092517
-0.3946518099402245
0.4459062043932065
0.13562731033166708
0.3853894844161466
0.3719312358448321
0.6973757543700865
1.9639557310998899
-1.2148753390351932
0.18217728138899547
0.16830681020099517
0.29566200203370474
0.7116029243811204
0.31122126459118615
0.19572944506938533
0.8777527902536929
0.15430280943964383
0.1430360853516007
1.0064492577875879
-0.19412580960280598
2.2121790983363967
0.3233455788989995
0.4605656561624727
0.25600101687142063
0.860876434712802
0.13145098245273948
-0.917326535221034
-0.11813385143119957
-0.034614012173908255
-0.4752023372272203
-0.25500226417912303
-0.24902762773793563
-1.2195082496929823
0.421682286304683
-0.45834764307524756
0.1360561102872428
-2.909138313427885
0.588549418424668
0.23355854786814872
-0.09203247571701924
0.699342102220903
-1.6698856786154783
0.353672899972443
1.0129712494463194
1.4690326767614488
-0.0928723888715847
-1.0415054444743472
1.5636721690283462
-0.37454805783395245
0.27759647420709405
0.3177403060097875
-0.6220015905493589
0.30699911958203513
-0.3968164143728617
-1.4604615917963988
0.9313184717948368
-0.4974830746738168
0.8648215170648575
-0.14152330014964148
-0.5883477074862968
0.7999787353239636
0.34655815252583394
-1.1930662761649549
-1.217611411084329
0.4114995036269095
0.29036603304336206
0.9806926151056382
-0.07698518407861837
0.6746486220300958
0.473770092862552
0.23215570345591482
0.4306011406503676
1.3876812834583219
-0.48984793194395115
0.15045073810825932
-0.867649387808531
0.03210328437585187
-0.20781026927964774
0.6199039876693578
-1.74267691171228
-0.38541037197979106
0.3559946953113347
-0.8901437019506558
-1.0508943699141338
-0.2054289760372634
-0.23170224632729197
0.4511956584725076
0.5983156438721122
1.6435317323942942
-0.9081968130065626
-1.9512873356474791
-0.14107738993768235
2.3614300955724126
0.812329718941218
-1.0934819488763317
-0.7724169262091437
-0.6009402891319023
-1.5156614804148858
1.1941112855943201
-0.9545017457157647
-0.9360150965287773
1.167518967264037
1.6087062053062386
2.06158150722698
0.20094918985241267
0.06642561059310328
-0.1373468985854679
-2.6466655246392734
-1.1696260851357112
-0.5206301660316811
-0.7844366057084596
0.6732732177104993
-0.8015114779067406
-2.040891717566605
0.5822487439626856
-0.001049191277840367
-1.5589035701800364
-0.019279765077551192
1.3029435442109552
1.1430837429468867
-1.4911909723056735
-0.6444580598797015
1.2727132031879138
0.0724556236689479
1.5357673167763337
-0.14020472353428762
2.1669366748194006
-0.3297175145265583
0.031575775042109296
1.405586578095033
1.5802825956041466
-2.449972848768382
-0.6269513019396414
0.7099138087945444
-1.0845695645481492
0.14434930925925873
-1.1027775021441177
0.35749425900776
0.2760619245287979
0.7582695717416491
-0.9604348347150437
-1.2477957246517908
1.1813620212266842
1.981141519801392
-1.1374727062567247
-0.03543866880580242
-1.3742655213641914
0.234662372262649
0.3037012837840183
0.8372086279075387
-2.0104328311916264
1.4109061057616483
-1.0765597110627143
-0.8400780179193733
0.11834858332171377
-1.4741335408458733
-0.033860143453438615
-0.9053167237948005
1.1233846233449305
0.591577745498649
