-0.2827993438365395
-0.1292018080396663
-0.7202354698812521
-0.2552184296652129
-0.3231224197935994
0.6689105833134684
-1.5003879730581995
-0.22362534252368563
-0.4130979800470908
0.10619825785472464
-0.36239875135007493
-1.1193573846061038
-0.30857661646073015
-1.168865124142688
0.578521974664794
-0.4471871703406991
0.6973385358418077
-0.3597534279695298
1.5231382638804374
-0.08568992740186185
-0.4846621611777754
0.5360784265875586
0.781222098791358
-2.8084864242702294
-0.98663725531721
1.3415838781759075
0.9219700979955849
1.2707985395586792
-1.7260010554171332
-0.23418122575692082
1.627054024503197
-1.6912051517247184
0.08833618838597398
-2.1013764911606456
0.7072535625264268
-0.15699413869432738
0.4947947036190499
1.1702916446354874
0.3289508844142857
0.7160747880860486
-0.9185862590093022
2.6702512495614545
1.355681391311212
0.768758713782335
-0.19015066767616884
1.868678481591262
0.49410171204247527
-0.2252473757229021
-0.797927323807377
1.2418591919841924
0.10188510608168896
0.01367916142592386
0.10428497813527522
1.2336566068340171
-0.18408383048708685
0.9414360406619885
-1.2435624690929536
1.2463368094151224
-1.1361091648253911
0.2838681797630249
0.7682981012881023
-0.4633296080237586
1.5998619762980697
1.07520542384289
-0.5477573560828737
-0.524510118147314
0.455412306847004
-0.29780128236965814
-0.939389237047278
1.1123229376241004
0.9831702230018722
-0.41851300780097683
0.21338475755226355
0.6154273749571985
0.7030354847391898
0.31068249471178505
0.9812055419930091
1.3053924875772045
-1.5913444284294185
0.17432089528156822
-0.47025204700398165
0.3739307149885365
0.27980704918223476
-1.2402215906338987
2.1235875820216306
-1.2711800349542877
0.6393099025909574
-0.07245497601996635
0.3335376870877331
-0.7889355817048262
-0.6090943826745592
-0.8786916310239897
-0.24285725508281095
-0.6007987900467473
-1.2085740264255265
1.5771020288183901
-0.34873340594884916
0.45763778008630335
1.100204850476193
-0.7433767540900159
-0.5202928376039598
0.391634877833924
-0.5164758307338861
-0.2783779500833677
2.1512768693268876
1.7364913598782217
-0.4306747152743389
1.6569823653162965
1.1555055593762322
-1.0476960893613754
1.8469593122974248
0.16694877143984932
2.465387189716733
-0.5087647526852188
-0.04878393903956188
-0.6492968543913481
-0.006403690264399231
0.8976056336820751
0.8370369874807055
0.6300061130580393
-0.4994806671354724
-0.24083235597316016
-0.9449770980384483
1.1638229536621634
1.2526782045014868
1.8550234130742744
-0.07662371379897628
0.21448878399042431
1.5043939710335983
2.4105617636134777
-0.3473178152151408
-0.5069902424838136
0.9020169730663413
-1.539609806274715
-0.042312897415875794
-0.6618663482398335
0.05440404103692009
0.2895134827349035
-0.1935032735492321
0.0981262856857791
1.6839493656756042
0.2550490295745029
1.140230330430156
-0.6490714069345048
0.4687989979531438
0.8440939427556889
-0.8554847573517073
1.6809179627222262
0.831947202661624
1.139317136224275
-0.6582664731792844
0.6979688672264635
2.1689694303559137
0.7709964125749197
0.3408314813729763
0.3926414790659009
0.28848411982923633
-0.6036081721230467
-0.3999933844930103
-0.46973921409355274
1.6585407147479019
-0.9014664846816565
-0.3606155389740001
-2.196135640573668
1.3446409100298298
-0.5192106595734796
-0.12493996845877307
-1.3143647502215474
1.2453867511435393
0.5097935264140587
-0.6547122976125945
-0.10202023480817383
0.7408415691009913
0.5350213013623402
-1.258275317519105
-0.243116489922887
-0.2419640754211691
1.8321250051436504
-0.025538637196554515
-0.31367358087675984
-1.293134404339624
-0.05097822727012053
1.5391381629060819
-1.331314748040681
0.8590083698379004
1.2648476175609273
-0.8248646015339698
-1.2232843265177
-1.3700771666649243
0.2080222621641314
0.17308796744516455
-0.07545466303771416
0.3842564723630819
0.23270932970804548
-0.018744220287398607
-0.5702050224843743
0.7487603041001858
-1.5416231943914949
-1.5917287848909634
1.416283880056033
-0.052401064990221964
-1.6139170982449393
0.15308718674035315
-0.23085575763267194
0.03905733563978995
0.5750200964868569
1.3254907639116376
-0.2385792859924678
0.7975105698075341
0.43692542098187137
1.1242477979440078
-0.12064222842422101
0.9693309265549683
0.8886018964081368
-0.31362281042192525
1.6835850943554977
-1.0666732147947626
0.3154156733635408
0.1359970076379164
-0.8054998520922995
0.591719226669614
-1.4578614149455975
0.8075897801279625
-0.5395448155141207
-0.3520770906216028
2.0904116539652184
0.8837657071991561
2.180246936584266
0.4198514760298626
-0.6354153813627891
1.7893087953806042
0.8656837987505699
1.2955910573337017
1.1853656667553543
-0.02305494224575289
0.6926368517484989
-0.8527873430480576
0.6640814663795251
1.4180549442784571
-1.6681888132746474
-1.0450028015309425
1.2402257495863263
0.13600581938300166
-0.5581881680781272
-0.06589592579316454
-0.6262304006863498
0.30925500787516924
0.4064759300073817
-0.3769271534667619
-0.8034449364706797
1.782115724154457
-0.6465096084471227
-0.7798356751449397
-1.0106211981333184
0.5534745267037992
-0.9619574668247138
0.5838965948296782
0.004154276686909894
-0.12844422611879774
-0.5602341135911693
-0.7617892327456041
-0.803650634224849
2.0737207733786827
-0.08212681081547075
