0.7318930223137209
-0.2983339059016074
2.0725623852495603
1.1215194423968604
-0.06081690273197905
-0.1772675300399428
1.3126128786427167
-0.7578136390718238
0.3419636212523254
-0.4406834052380291
-0.535661532595923
1.101561371330401
0.6474385136426882
-0.0670148376982762
-1.4394698290938357
-0.3056689460174717
0.6608393299684013
-0.5622916634754362
0.8611152277769404
0.5264917298751869
-1.4981860044024562
1.958054569915094
-0.3302359965568267
-0.24496273609270242
0.479681364243603
-1.129648362108792
0.24732488779306358
-0.5258099115545054
0.0275425032066683
-0.9668813708021932
1.522577295178089
0.3600388517630237
0.8334916010816229
-0.3986824673587019
0.1602600347179563
-2.5001209548369276
-0.5799033002944551
-0.2283989218270778
-1.2216861234809682
1.65603944055215
-0.8473200430242342
0.25322364295978267
-0.30268008521613204
2.0924109796724695
-0.25368364482285766
1.2810154363273543
-1.9912012902505143
0.8953699782995276
1.3001635856238547
0.08046535113279131
-1.6085235632213364
-0.4602557436268045
0.2958932222844229
-0.5404363253544466
-1.0313832754894088
0.6746547924155883
-0.8206699480008768
1.2719925480815364
1.226257783405741
1.3187377005058423
-0.7759392212727176
-0.6748656938042633
-0.7741908793816522
-1.1997711154959074
-0.7524911579633224
-0.9852276016761727
-1.0751738176379881
0.7329853479747802
-0.814497631073154
0.6300036564615269
-0.2937466698116829
1.2702844142762812
0.30606748897107766
0.6889476942447569
-0.6690860714108952
-2.85527187285101
-0.4424547398422402
1.2717222993536665
1.3884846831259874
-0.3290022435126808
0.003687104992554771
1.5796624329501843
0.864000712754806
0.8127120436589457
0.2655117423956377
1.2163100253937973
-1.6417564049658504
-0.9766000740040335
-0.6548953006194016
0.9816488284452058
0.8865504243915722
-0.10827671137377819
-2.14541417976585
-1.4252538534901158
1.2024771947338135
-1.0037193555713768
-1.3680021800805675
-1.2585076389960257
-0.2677418735888918
1.0574147243936167
2.1650770745338788
-1.5557657165395549
0.16235662804948975
-0.9402098784329233
-0.22908329437051614
1.257524707735352
1.8767459958095398
0.20741845640564835
1.0695577092056725
-0.1727817556938868
-1.2581989249114818
-0.06095293780531589
1.4769384193738695
1.2014906025672578
-0.25643679840357714
0.07922310783414087
-1.8472252286516755
-0.20671001202067607
-0.6519540446883368
-0.07105100845940501
-0.2849812621407118
2.6196035040505787
0.28798276626474456
0.8501424034799698
0.1834860150070683
-0.8476671633680085
0.5919603020475954
-1.2551893460444257
-1.1362725279144008
-0.24147402751635252
-1.3549082690472323
-0.37253268454424154
1.0742323764235961
0.6850746201755007
0.3776074980245577
-1.0247291477606442
0.7554415620462234
-0.10320886468784034
-1.685703832446258
0.35000609300621677
0.9092377418741299
-0.3273433718186501
-1.971604197806933
-1.142918801156623
-0.9278575754226875
-0.24739622478986262
-2.326530785792176
1.9079117679747488
1.8355724784746694
0.40501142759008846
0.31365928357720463
-1.2213629379498132
-1.479479069421719
0.203054419284413
2.064920669059936
0.23960804936101937
0.2515193240422121
0.03666372105644939
-0.11248998291734749
-0.5022706365319144
0.4032613629311479
-1.2762422899939179
-0.6212123570278832
-0.7084160444423796
1.0232307091426127
-1.7774821556028941
0.7816444987673584
2.1438745585429357
0.6086033583561964
1.253554338804115
-1.310926904183211
-0.008064650000532714
-1.8307472819715596
0.4062575952054609
-1.2026770330350274
-0.6649310469601071
-1.1555290391964825
0.11605422178095119
1.5124800405343777
-0.6775280827579896
-0.05723485170958084
-1.7714506542870965
0.8176260231093075
0.5668998759354886
0.815441197001211
0.8275839338593624
-1.108652820135383
-0.6056651619341967
-1.158416983066181
-0.6218060033927486
-0.8481292868223379
0.2752969375764705
0.05044152464515913
0.6970798295318161
-0.919987070411405
0.06797385242561371
0.509924022591855
-0.11208311300294274
-1.6568779892505152
-1.0484065328087797
0.010489959534057737
-1.6166699751224232
-1.0335473772081474
0.8022628595972063
-1.92411929190751
1.0254181617391818
-1.6660094868937014
-0.561871477530235
-0.8611827135231622
-1.0063590558623474
-0.06899918448915261
1.6997658099245827
1.0910239404517386
0.45079911384487115
1.16434437768414
0.0659664742477127
1.5979534926245886
1.1655321921095259
-1.6138143949498112
0.11180174288684584
0.27722928216653475
1.6337626869053958
-0.20949408726419866
0.7788566357704041
0.1545435500926514
-0.16059205098505952
1.0699985664247131
-0.3899887719859531
1.8779206046402082
1.9324986951982388
-0.7493732172746159
1.3979437801370354
0.6764687546670304
1.450891924160391
-1.043743166925618
-1.0629400032058158
-1.7290520400107856
-0.955951943486069
-0.1957929525437068
0.0282961914936817
0.34193295329496975
-0.9175645171968136
1.0264924193641052
-0.3659087075971828
-0.07669181708913675
0.6761849350670611
-0.4758997619919803
0.20385460008131953
-0.04727827008660338
-0.2654869470271516
1.4654858759604532
0.6217296443059543
-0.19148024184781978
2.136553921811052
-1.3140785692546837
-0.5039875084449008
1.563211145563482
0.5457267636866387
-0.5590557704224023
-0.47322072284166494
-0.850195277956997
0.2974398206772186
0.36151133600119095
1.4652002299416889
0.47774086226398943
-0.1285802235823487
-1.1724459175817903
0.17087138752818254
0.4135872915578626
-0.4991348714764447
-0.5235933926613574
-0.28392698599410976
1.2691074621566627
-0.5767990765422616
-1.0901080467799404
1.3914046168159637
-1.4631936360819615
-1.2193181649365237
0.226601974227394
-0.5193965298979657
0.7495369618583256
0.34811404668004864
-0.8108267874945078
-0.7858534892640874
-1.2712393309994896
0.9062340895257053
-0.6548890320902472
-0.660038749284552
1.02770758425002
-0.02872932411477969
0.4467407439131881
-0.715287947203274
-0.880921209494409
0.4500380628665955
-0.28141861779991884
-0.9088484505082859
-0.6809140295881331
-1.0479411905627658
1.8626510148714357
-0.2790652825463773
2.1336478306830484
-0.9613122706743913
0.7578358275991884
0.23657295667408343
0.9574321763497077
-0.9926474691463759
0.6493809591066373
1.5995016888578417
0.22216343233212596
-2.3149807530188378
-0.15999291121182382
-1.6276574770285044
-0.03775880362807538
-0.31026699301112826
-1.1303715254618723
0.3240325786283022
0.869142731852867
-0.25333153073368414
-0.7542612176343946
-0.09951088154775595
0.36200888083745997
0.36208400357383425
-0.9591312798221597
1.056952820556027
1.495492532152261
1.095544753932724
0.8006566469417054
-0.9473353083572301
-1.81903467575219
2.5277174210747586
-1.1248836487334066
1.1154266977782417
0.8999099419604933
0.5035429611036926
-1.4691866388409747
-0.11710733147464315
0.5299687082273826
-0.11939229997657182
0.05807048690817161
-0.2582143467161978
-0.5451436720109891
0.25487595977865174
-0.8095209151004873
-0.787440997952706
-0.92792736077169
0.38138539362544804
0.9630069009912314
-0.1951745156837696
-0.6498039280486458
0.1251833399663306
-0.8706030697608891
-0.25075596854274634
0.23130380636497266
-0.4243815962183097
-1.2928730418395216
0.17524494841083127
0.44209791527322306
-0.415325295176689
2.1535193841338116
-1.5856877489991792
-1.1117908554640064
-1.8046846230353413
0.8017005237061275
0.6486801191321268
1.031648740027063
-0.133137133907617
0.21511303092129835
-1.9304187463708646
1.4590607683000427
1.9503154963474838
-0.03361520305013017
0.2273013071025653
0.6310396375691999
0.047851956340858426
0.30111044467119263
0.25252262740276277
-0.021849248061763134
-1.356486354602228
-0.6584698580443996
0.4878316623136175
-2.730757424332279
1.1707717004635585
0.022083696298902528
0.7797705709535191
-0.3306525809084878
0.7390060703022638
-1.326741581174673
1.5869443731937194
-1.3693527212788312
0.7135753393004545
-0.9023425087368063
0.6786433690054304
-2.1940077037186603
1.2942564232260991
-1.6833564886110524
-0.05959146209749296
1.8773972063260715
-0.05631640270924048
-1.151516746380931
0.9334895657036524
1.8147825332366745
-0.9726237743878328
0.1940016359478241
-0.5214711979831114
-0.34455895658323976
0.004953149168736213
0.6065829803789481
-1.2211842476584907
-1.7828031041229524
0.9637620573023641
-2.2781054066400683
0.3711302776548992
-2.5564333387500584
-0.45306334455865227
-1.789940113279604
0.3143036638227446
1.3525054036846889
-0.28882769067200126
0.5496402721562602
-2.3649919503042094
-0.7192972523695498
-0.5779371901642083
-0.8577501606022242
0.11482403398822277
1.4850663110912503
0.22067892682458876
0.964067164202339
1.1895037607123626
1.3455381000991782
0.8532083531592773
-0.48181608848803187
-2.6797177092747795
0.9874808504902359
-1.2853096275257752
-0.2447575888195462
0.6841729711710737
-0.8803719971877623
0.9187087520612531
-0.0017622935495999418
-1.1055731941355587
-1.2695698812870164
1.0082060058991809
0.05221728003036052
0.085643862857531
-1.377225732910728
-0.2853049992675638
-0.8116704958975837
-0.7745533237670393
-1.926443859689112
0.5537811518158625
-1.4262060973079067
-0.5162978829089458
-0.024830888667393504
-0.7985822404131024
0.9790999305305884
-0.5829589786485951
-0.5468604202202909
-0.07860941995016163
1.8461498094191946
-0.06351444939865966
0.2500020612965867
-0.707223386357015
0.7381210284637914
-0.08316762823335042
0.2787021956156076
1.3323642148960428
-0.8049381416207984
0.9786774398380084
-1.111416081648984
0.4275432288563597
0.20653708770246285
-0.25440076402006173
0.06289317947343348
-0.03403263149143644
-0.42236674640362104
0.8843928871485042
1.3482938912715488
-0.06104158023771825
0.2465157230486661
0.729535470192312
0.24561757649710056
-0.2931681356095478
-0.13593318903178597
-0.7430205996628154
-0.05463120713479743
-0.8845011548481836
2.0079061779027785
0.26788281153628346
-0.8125268590913273
-0.7087343366485871
-1.3099583607451253
0.23855106556743239
0.011896910820599857
-0.5710080744876337
-0.4872208335506085
2.5113409814825487
0.25559589177806363
0.8906695310891761
-1.4733808968276982
-0.8920425806644838
0.9002160579709388
-2.6714565796114984
1.3525390005026783
0.3812267185449256
-1.5491155825775742
-0.19613971408324565
-1.367770168182397
0.8242782683523566
1.168929303600289
1.4546939148226268
1.6068585115560756
0.1628092689670113
-0.6891936087683221
-0.2874196296225174
0.3015786316580994
-0.7260455483389446
0.47957261798207695
0.004760170119624186
0.3803529420534293
-0.1762138428948911
0.6219916533075069
0.2443234133269962
1.371706099890419
0.9908602721237454
-2.7826780368610327
0.5081614073721382
-1.477946239683008
0.3030037049944112
-0.4167698065883592
0.34524429013667546
1.1836369480590407
-1.0163235741041832
0.6047587452142378
0.26996057417936387
-1.0261314161349886
1.245743783941733
0.8525585318864798
-0.20556676690498055
-0.32189992600740785
0.5214166425103514
0.6776944897086389
1.494561393068719
-0.39446656382388834
0.4980622566200026
0.8544902087358387
1.3247970131583866
-1.2951870968385777
-0.4508419862392754
1.0593550097444653
0.897362130451246
0.07526372423511749
-1.2340849019862008
0.25431052233916346
0.5049509081497702
-0.040814295309383186
-1.370502434168423
0.4988593002587519
0.7413959957566132
0.006362638994325802
0.1336568686101781
1.328286417979848
-0.7171587876084673
-0.9062549028267926
0.6577514589026652
-0.5972370404967035
-1.7534957349651261
-1.970288442083184
-0.057965989712218856
0.2280195659096219
1.5605227830507569
-0.8905081857660683
2.5754664776084164
-0.6867163770333673
-0.3536508073951833
-0.0804567042113031
0.5624152799676484
0.18575960076954068
-2.028942584403299
-0.6349268294644977
0.5293261366698312
-0.4743286452228848
-0.09430702650846393
0.44072395319035745
0.20540704750639383
-0.7113355529461054
-1.5135278016546203
0.7851329499821338
0.3569695659447524
-0.006718535793734532
0.46166331581835796
0.7484751704163588
0.44165232952000033
0.8777902372642683
-2.76624897187837
1.8452688855377979
-1.9677180430763708
2.256703766631923
0.37993738216331285
-0.5543011896823616
-0.07641172883098164
0.7856309477707002
0.4679235939199843
0.06459351221429335
-0.2698763928480312
-1.8726013104101191
0.4050477902915466
-0.002487073216122634
-1.3985079458213108
1.8169695372617212
0.18454785315532768
-0.6128628194081768
-0.5649669086448307
0.7101215387383123
0.2385324799689103
1.462846882022638
-0.09205046438312042
1.7113121595261365
0.2474316134543099
-0.7434680707986484
-0.22731870431360018
0.7756574496355082
1.4343468895096547
-2.06876601495861
1.2956195666067056
0.677123887684279
0.5026133473482641
-1.407166078033314
0.6171632982228145
-1.8486188058462867
-0.744743946704247
1.4242485212652445
1.4045950375354932
-0.3184062644853682
-0.05421738585005591
-0.8219889511991145
-0.39055487893654556
-1.2699092079773404
0.08757129067595061
1.516400516876154
-0.16224140626031058
1.7468551749826497
-1.2501727998660062
-0.29206262120243737
1.0653438063896727
-0.7873368453940183
2.735914745817884
-0.16242156666613167
0.3816064911242423
-0.4386281720275668
-0.18381430063299722
-1.7789387437621267
0.3739486339044917
-0.9211275708642623
-0.9968396898314928
0.21690547820246747
1.2217068373521103
0.11159166255437442
1.1172782858326082
1.171301536799824
0.8064889140613561
-0.002228957148593925
0.17264021140187696
1.4328107264541852
0.17182301244378897
0.019766446862359007
0.2607420166502236
-0.3050046694457977
-0.06489051637131951
0.20219566680649426
0.22360842364259922
-0.848717673604749
-0.8900554721072353
-0.8234116236518688
1.6310031775096046
-1.1793400943615728
0.7465299401075668
-0.30937820547740563
-0.37614753563532516
0.5805299087038199
0.5648817119291907
0.29752169820867885
1.1226275004211432
-0.9137472085546747
-2.00420370060128
1.2984894106145717
-0.6566388484260185
-1.4007494252341692
-1.5143041258701777
0.7023636592818769
-0.6195602074603294
-0.5784296249026983
-0.0684254664138732
0.26629321627461655
0.7014401666678274
-0.05935518819259533
-0.6615903267132659
0.9940446652351748
-0.59787838871311
-0.9881557272877017
0.7310434560797957
-0.5723844433070812
-0.7809332120908932
0.013718823253718556
-1.8107413056117563
0.31954590256272175
-0.672889566459612
-1.0385157158209386
-0.6187093574948106
0.09641415698441991
-0.17183013092910057
0.4965378499619264
-1.6654462800021061
0.7555460238259527
-0.20943562093652204
0.5589450259670571
0.046188716683592465
-0.7724102780191646
-0.5687395288403717
1.0866093139645858
-1.1430325020379735
1.0018924601722545
-0.1929922440149041
-1.2396477569181945
1.0252918321581888
-0.12007393484701209
-1.6200288076057388
0.0296552848077439
-1.2239626297970072
-0.6426033474775628
0.9963652485960236
-0.9875799142487336
-0.7901421062059854
1.971552237355411
0.060689094605175554
-0.8338011989299355
0.20578599589471677
-1.645308122326116
-0.19469663669712903
-0.9117213301656606
0.8838024501830639
-0.6433343643353758
1.8370812829678305
-0.5870439523253782
0.1591088939924544
0.6911602081535242
0.28258385638502637
-0.48900462448523796
1.188122720362278
1.1724619711504016
-0.7694604842367035
0.24834618523331078
1.4094616900062935
1.98832817286959
0.011350368977717493
1.009348244675286
-0.15886853475746754
-0.8922943378946321
0.047306733475032434
0.017951013232378167
-0.10613370706725166
-0.5008893704996203
-0.36096595058965153
0.30113473573067273
-0.9024814635313758
0.7103156078666436
0.3886344789231203
-1.2627056499421707
2.023214629441983
1.4793172129817769
0.207883853957835
0.19742138994391897
0.7770790915553913
0.2526698284887847
0.7626400700442602
-0.5591221290327688
-0.5079538291744843
-0.32107571746462116
-1.3282830605852718
-1.5234265635146957
-0.12639509585666875
0.5646723561334536
1.5143555265770867
1.3900579314857773
-0.3049380115084319
-0.10252542890668997
1.0909288861068709
0.2564357097274901
0.22317596261444542
-1.047829182291262
0.2505958905413204
-0.34942528241279336
-0.4142429961530467
0.47584129691699334
-0.11554989812706641
0.12634135928754156
-0.35147482003512454
1.0089034710024045
0.2394871762011281
2.045754548458505
-0.9048808302053171
-1.275848579638054
0.845655471597491
-0.21693252095325818
0.19232729149176253
0.7318043218167123
2.3071561562358185
-0.014193715462488356
0.12159335822826067
0.6721626307360955
-0.05369683357625445
-0.35904044283370584
0.5827912792330057
-0.5482843322739065
0.9046903996082681
0.4407902880226835
0.2684379429793834
-0.46576990398069956
0.24574558446947825
-0.14028622265496954
0.6674117455949256
0.40584446944198843
1.868846284369306
1.9098158509193761
-0.5316959952483216
-1.5179880955225584
-0.3708845587489205
1.0466716437506647
1.0701657516350416
0.29015957151269023
-0.5452621344256018
0.0030106448822337212
0.022004303324489632
-1.1021727920656437
-0.5682277780222893
0.8648023738367048
0.17057770689848162
0.5128319902514907
-2.521001851487189
-0.01097981159221695
0.15230125139447637
-0.27045089225633145
-0.5985522173172029
3.0378040201334318
-0.6514335409478305
-1.4202926080516327
0.308214541735603
1.0883991508563788
-0.21277474251574874
-0.6678718960204285
-0.9485252176066918
-0.146832449465759
-0.3936518500357717
0.050259444931668965
0.48621294765840123
-1.319236003131689
1.8711541661523936
1.2455425818904682
-0.40955972654613443
0.41509816296023694
1.473136990957371
1.0456338623357788
-1.9635872663884142
-0.34222933593751326
0.30814645925452927
0.3027645461326121
1.6839303605339218
-0.038424600200620294
0.9892202680569279
-1.0417627671749274
-0.29517155111344384
0.9704950940801321
1.0322884205711131
-0.2661562823206064
1.1050085964848524
-0.4382884666555852
1.6578693415537802
-0.33562585747989515
-0.2854791831062615
0.8785421491385738
0.16391576428052
2.0888982303215955
-0.2936174574408862
0.34717738712913065
0.8544254794152186
-1.2386959621413112
0.8429094305273973
-0.7906283887559152
0.2774154322645839
0.6851546110523001
-0.9543266242232213
0.03558694151580993
-0.36740395371022805
-0.10466711387018394
0.2403857514586627
0.1985810276418799
-2.2542807937249476
1.4812732270907152
1.115852342193672
-0.07285799377180029
-1.374655480153639
0.625521692756169
0.6551497907010996
-0.2146555085196892
-0.426086347008501
-0.03609812017746491
0.07358311640857823
1.9776793273951165
-0.7355412220335288
0.9643478300820898
-1.4217251273007017
0.17194006553420088
0.8287971000358068
-1.8533541648750613
-0.434915627423684
-0.44909824132409876
-0.597059774993709
-0.5685910689390966
-0.8353407315793688
-1.3001646815962835
-0.5594673543409117
-0.7337434431683667
-0.3607801441973496
-1.4027803992864336
-1.0366255086807417
0.16933963977524322
0.2806585504991829
-0.32100780319562444
2.005461282430799
1.0307182461199889
0.846771073811861
0.0010649529381401871
-0.4600729162301111
-0.332473073134982
0.10763307870300931
-0.24668600110345562
-0.31600596345203885
1.1997082985926444
0.8559173691800694
-0.779903378099589
-0.18094408123444572
-1.1765870308346342
0.035482901653647994
-1.5233229062480091
-0.32137814638845985
0.08470197207338603
-0.38098194633254767
-0.012967888705434551
-1.695495529077794
-0.2708071239866714
-0.21195480791674798
0.05909819689650223
-0.7465729471551609
-0.37431418243045833
-1.0144927552497807
1.456650137495412
0.6799767087380043
-0.32464691674541957
-0.6476946509172387
-1.5120418896613501
-1.037490228179011
0.7910567782117093
-0.1722573645791368
1.9679809967411412
2.0814851521459015
0.6942789741912765
-0.1825639029425895
-1.4855833093614201
-1.5377108239706117
0.7367286349227111
-1.2314487847892
1.2454215080503837
0.07479352294050019
-0.21386344956136424
0.9449221288746839
-0.30609972811812036
1.0050027233072445
0.04445043754703974
0.7872986571363355
1.4927675508148388
0.5788567528264656
-0.5547933078303378
-0.1940965162317828
0.7300793969023017
-0.08976147774050611
-0.2181409419818135
0.10862084809557668
-0.7790962923643262
-0.0019543806854912687
-0.4995218409862889
0.2661701458598281
-0.7715647690103264
-0.1628863281019653
0.379934136028645
-0.8445346076231242
-0.50088433444681
0.08891819758455574
-1.6474822243812974
-0.15322635422660733
0.967911113098284
-0.0811297087586336
-2.3552883550699657
-0.052754125766008304
-1.7202537011995556
1.989619023445741
-0.5591736862424428
0.2990043063684111
0.7350458165922064
1.3128073980798332
0.8855850444437907
1.8429602304970667
-0.2530094590139895
-1.081725223769864
0.5310200681800992
-0.5365064918213774
-1.4802043409926564
1.6552962768355481
0.313494340256776
0.5397431020908174
-0.12139256777599725
-0.9437130091835532
-0.7510425786844172
1.3698329002940681
-0.15573519160719998
-0.1617364157943152
0.27096086543488745
-0.7768627140981081
-0.15684802847414447
-0.9127186919044586
0.31359448491164854
-0.7830037023489317
1.4633475055084877
-0.9411880357127557
-0.02260476334689667
-0.4758649323398719
1.9559067565467014
0.40510607822156336
0.16902439483406537
0.08647282077378726
0.31681862922993775
-0.6350138192755903
0.49220950229222765
-0.5726046936604068
0.4330713432919766
1.0039340648929405
0.2850827545424579
0.832030653809575
-0.06525874558281906
0.7235293338795684
1.1254343724321003
0.08548901816193727
-0.10744807364957994
1.041369845989593
0.34658744462067304
0.2715677032985877
-2.4794591492637847
-0.1473681800067213
-0.37286752975721815
-0.1885086716790472
0.43120632830356787
-0.35275514548438497
-1.4125956906096346
-1.1497179502136674
-0.942087770415576
0.8297362709930318
1.1890790904879325
0.4619906313613612
1.004736315949845
0.9133558376509007
0.30089557863818217
-1.919289377485914
-0.3597617932163962
1.0843687393370345
0.4734076817880146
-0.30117579746635065
1.2348582585390646
-0.012887960730921756
0.1507158414217458
-1.1526388217675878
0.13062904629573505
-0.1441575683134194
0.19628432444208402
0.8138921189557121
1.0994085446644954
0.3362076909889206
1.3119430647767527
0.15578220424176897
1.1977001084572236
0.2213423997639251
-0.5548066328399124
0.9077533994686096
0.522500823877488
0.2627043843261074
-0.027653246690167863
-0.40884185274332674
1.1428255659073423
1.4272461561769927
-0.33067708541502394
0.3466846234271316
3.3504908985016053
-0.2479375386373808
0.15474107555567554
2.4759939996161084
1.0582737352940648
-0.3910333516631456
