-0.10395192008172979
-0.5195661761600184
1.511611384803407
0.5852005109423937
0.9230151290280131
0.9882319409128374
1.6487019021663314
-1.3837800927524233
-0.06675000978689068
-0.27770440846347677
0.2649832525507571
-1.7487229040957892
1.4661427793562432
0.5376490853272298
-1.2868287762224144
-0.1611068376384772
0.4998440591892382
-0.13809789704163505
-0.2014777135064642
0.6799780908027466
-1.6376813079100199
0.6488722064155651
-2.540853099445991
-0.09412214546497717
-0.7397129324429749
0.4141184849098334
-2.44182374541032
-0.8805070487152957
-1.1406268012859033
1.076952972320169
-1.9569583455011004
0.43223748149154273
0.5965191501135061
0.34883758000744813
-0.9829255980413796
0.9962304293463524
-1.2315883133640004
1.5944748223301346
0.8580302932102092
0.015480136652657888
-1.075548540623981
-1.8085000001265168
1.889477724199336
-0.4708291506854122
1.7280830189772782
-1.1490020873620332
0.9622239809388692
1.378994907186527
-0.754766691735104
0.11358224162474981
-3.5146901328273557
1.3346243823807666
0.6028916829470188
0.23079671394263288
0.9625539114004209
-0.18473846171968605
0.9841168288909447
-2.592349260441659
0.48282348264453395
-1.0249000553953334
-0.5902146020926258
0.5227550360041064
-0.710062067442205
-0.9913326802734387
0.6416612270265434
0.02685160912071149
0.0807974203269155
0.76210305953263
-0.47645285052176195
-0.5837638351424799
-0.19658100158372738
-0.09038009473937324
0.02860410716415157
-0.5778497485388927
0.7789179867476377
-0.35158953235917284
-0.9978356640303734
0.8521790538581078
-1.8545528453769378
-0.3092456147500034
1.1033150309596549
-1.4003181301648207
0.6611336839791281
-0.990646426172633
0.42311753326059465
1.2674131058781595
-0.27098369858397026
0.38293296821091594
1.5429125976999085
-0.011072944433491614
0.5388685461237406
-0.011038037938312427
1.3258279337047973
-1.3213234111351577
0.6125476126972021
-0.0432378755576638
-1.666863120913668
-0.5770213075626647
1.4646759471137643
1.2014514207594078
0.5960562169552547
-0.4853509036576475
-0.6801387928656061
-1.0035180183326557
-1.1123641722688449
0.027388189377175236
1.7153865601795373
-0.6240178651132253
1.1957623311600962
1.480674619826802
0.7547835303193331
1.5673270731748532
0.3204905853573366
1.581570686637458
-1.3589959116688224
-1.413989700587814
0.5668734828786292
-1.6059157814257627
0.5346756393243077
0.5690576388199939
-0.798103967977071
0.39662828244728
-0.11762422555773876
-0.3356849658876133
-1.8280635677581112
-1.685461872740045
-0.6401046556339166
-0.9902265505214077
-1.3911688503453485
0.7043483993849182
0.7838125929374872
0.11435390158622676
1.9173967721474865
1.2005395339165723
0.23223167616426316
0.48917670647854256
0.7290391260282654
-0.3330610321800887
0.6999379611776342
-2.3549930860969965
1.8509342475689599
-1.220382323272962
0.8348470653365476
0.7433920118738121
-0.2666606428203991
0.5442502884151803
-1.0376312309299993
-0.41080795839202766
2.3433814709023517
-1.4317714136323048
-0.25044085577508524
-0.27565642192174855
0.2710405000104
-0.663724456972102
0.44108826157128816
-0.5944798111007416
1.3129887873040158
-1.7041162941013521
-0.6556072696922289
1.1614018493105855
0.40873654065464854
-1.7287905294713073
-0.9059394370938549
-0.2856537585906579
0.6652982579917195
-0.5893459412317507
1.5203433112819358
1.6416899229053028
0.5023909555396321
-1.0868828923110243
0.4710043539296523
0.28629893609279566
-0.7677155366095564
-0.95756625936617
-1.0025368864594952
2.3623631561958214
-0.954506184128923
-0.7859934077440245
0.21410590902903787
0.4833885992436387
-1.061987971859536
0.15742302267798597
1.7455636516099535
0.04135950079348822
0.9089005769746112
-2.445809138411301
1.779046199786554
-0.5972124570843214
0.7003445677595215
0.6536967188382155
-0.576703864048854
-0.41832372861846434
-1.4468019117827873
1.5096946918613716
-1.9198762483384308
-1.665654697992588
0.6282244227608671
-0.8698705651003599
0.3386656680671621
1.9762124569314505
-2.2376890460264547
-0.10601620838987162
-1.1155778496294388
-0.5702336666983879
0.3820246438583004
0.825777656888531
0.1851229800814087
0.08287069179912637
0.8361053257711409
0.4513861370659071
-1.202667934748934
0.48722194798004204
-0.8080407789804024
-0.6680871103568747
1.6192132191325355
-0.5544299227239393
1.3399670320577186
1.875267466330977
0.19283253385319304
1.3574978308909422
1.7791388793282925
-1.198814346902928
-0.5955269490663215
0.43773736492105225
0.5225671870928801
-0.3650742739875894
0.5146378788254168
-0.17873254058774796
1.062030565828372
-0.24701360709681955
0.5884659411477982
1.19454449662342
0.7118215849397169
0.09867054931392807
0.7168866153656942
-0.09399784613488392
-0.5102042536963601
-2.0650758305073844
0.2505780252326686
2.1733294005740227
-0.11672205194941436
0.6956311199751445
-1.206893951410478
-1.0683914908734369
-0.24434294292924583
0.5161489821815655
0.2039263940122566
1.5164673939425257
1.4074121416139427
-0.33650198531782954
1.3826429409585979
-1.431456468333131
-0.7981274600003087
1.27300472771635
0.6314068999754247
-0.4028390144775931
0.6089378010030526
1.6995878053796374
-0.4859623511464425
0.2972910034268145
1.4963384522706307
0.10918314182231248
0.790330570161778
-1.6100400655066975
0.8345943915313341
-0.9968399468112339
-0.7952642601087259
0.4613903115529657
0.42173105455631327
0.19439524043457515
0.48603208889070537
-0.9432012425107273
0.996468761447943
1.150846699441423
0.44198227687780306
-0.5656190172985459
-0.6132842195595822
1.5208535938299839
0.2633054517636053
0.8230939126181882
-1.0190518375682776
1.502191526851299
0.3007474363748493
1.0978700096851883
-0.9112761222858979
0.1522193582446758
0.6171308765006287
-0.23597747789361534
2.526080303934771
-0.9671837388503073
0.07907367257844097
1.4618472102011557
-1.2387421842225772
-0.48982286708896644
0.35325754060539444
0.13086207258470678
-1.301322699114568
1.122484040024362
-0.5658340119407029
0.37371228851917404
0.183366724527813
0.3972004058757718
-0.1698995761242202
-2.0723576885390025
-0.9170271865298184
-0.048691253782893976
0.2985338614696808
-0.8074696242660926
-0.09705280546862655
1.7848767162455863
-0.9111066377549317
-1.579050407338451
1.9675059504733512
0.6280199662662854
0.23532820165443033
-0.6678093448623585
-0.5413067595227203
-0.05890339434087953
-0.5834157925990187
-0.8217586553866788
-0.23715401251536353
-1.577198821172554
0.7412910757509392
1.1645981981343054
-0.18439950367670915
1.6435726647964566
1.4492786501924169
-1.14016622356625
2.198276196722356
-0.458695954334334
-0.48753721887964213
-0.3129050540962197
-1.2596470615070106
0.8242968515686716
-0.38051262268056385
-1.967953719825675
-1.5711172245284357
0.8800124251135714
-1.786854499105003
0.17719195153128905
0.3186386828168781
0.5602129896198261
-1.635014640587341
-0.7194677066625185
0.531615869685637
-0.03897634747748569
1.0193848788360442
-0.5544010830783064
-2.069090191471811
-1.749037316886094
0.13101989670414133
0.838125135945668
1.5827714535965738
-0.06490661648242416
1.0711561043400464
1.36886452060986
0.21903304200354495
-1.2345981608357859
-0.4183510920185328
-0.1020446316566315
0.5533337393324406
-0.10754194555177822
1.344919385142983
0.014264216702080248
0.8174113195580887
0.4741864906711373
-0.3706234759983096
-1.0811917588938869
-1.2497948661613505
-1.662387628855087
1.384954309557514
-0.7482646189971132
0.7202782269044492
-0.0727198726404552
-0.29436305041956
-1.248718213253304
0.3291901193357764
0.47470210192062856
-0.2928471012061412
-1.052080034639008
-1.0634035279495664
-0.6035842180081347
-2.3951035602187853
-0.2198503470516495
0.46668204124064755
0.30653206553557183
-0.2843190199996488
-0.7738018603774003
1.0343868279874326
0.7232938396464474
-0.5934230268555064
-0.21353826332762857
-0.20351453803710504
1.1566444726535086
1.340093191594782
-1.386364639921921
0.35538387992791903
-0.48522562463002655
1.455632703303322
-3.2894637373730586
2.0471090053993697
1.0168790873188407
-0.09231814521328552
1.0806718577210725
-0.21969545319797715
2.682424353106819
0.41806402622627287
-1.2986146736158735
-0.9981757673214893
-0.636554445311152
-0.4616275916729222
-0.06710338800165856
-0.6194361122516652
-0.3846976931378301
-1.2300936647883023
-0.38420205965725845
-0.11320671534236766
0.687306157231505
0.5294311896140883
-0.353245650571095
-0.6705039745780007
0.12204915774848532
0.5970998461280843
0.6313911666794578
-0.5498528577000638
0.37899454414459705
-0.7787188831888322
-1.3802519496443841
-0.11403236856439808
0.685446590319677
-2.275398597020246
0.8827620263221785
-0.2924539151139817
-0.8747043149892658
-2.117018598950929
-0.7163756373535443
-0.33374266549992376
1.393303305880566
-0.7328644778677802
0.21546404743684372
-1.1921078812474328
0.21246438000090004
0.5237120070181396
0.04118729354037807
1.6878013188896746
-2.8481439211854838
-0.8117724949290752
-0.8510051771101002
1.1326710333476115
0.1661198583316498
-0.347039640084885
0.49265926885392775
-0.6612250952035436
1.1695679334473108
-0.9031729275074414
1.2116259067467126
-0.583124186910638
-0.3939359325151267
0.3828554224391607
0.5936675717910371
-0.7179167308891958
-1.1511498177938169
-0.48229146756873065
0.5111517708344597
0.12157050088803786
-0.2908323787474038
-0.5560850995301433
-0.09529836725659487
-0.33238140014768464
-0.9583587043744944
0.48112005880351955
0.9993053171701277
-0.08616996913163194
-1.2018919025526782
0.7914679899387067
0.28833258050779687
-0.1479423064114458
-0.832063520149857
0.005783001698488979
-0.7469337527131794
-0.5275035757185076
-0.6680758957242866
0.8547948316881373
1.6758364846019553
-0.7422107029558636
-0.1011767477271363
0.7061580924928236
-0.3635401786491082
-0.5146848690444097
0.38595998855240754
-1.6496361570470943
0.26273290531732746
0.7654560058031848
0.8511515051108206
-0.5747831587243283
-2.6385015943096115
0.9621682853677961
0.05224522058451939
-0.5304067042530292
-0.1887827988699556
0.44808478804900054
-0.3428915344542683
1.216112817963524
-1.3649516093747753
-1.432469185291223
0.3547311359889709
1.3751832273719902
-0.012308318668139263
-0.3399935045632916
-0.12847206693515753
-1.164712521993814
0.2044155565738366
-2.7526276214275303
-0.48619255740630957
-0.56572483091881
1.6141815007851745
0.4999224824889661
-0.7396952769860938
-1.376968668480652
-0.7414957353583654
-0.7559552036744569
-1.011651624266639
-0.6186156616005765
-0.5137118356702196
1.165855129066472
-1.9669065783795878
0.7240564593784666
1.1281724198096326
0.6625133833524094
1.516717001034814
0.3673476352144262
1.918348616478205
-0.03680268295377594
-0.19118376755114783
0.2972629364418492
0.7978663134263996
-0.7103894026854263
1.065219599286168
1.2178715829850828
1.859440540292285
0.4867962832784026
-1.074293952644565
-1.0525168336264548
-1.1115535282375997
-3.183217774168675
-1.1045517403969525
-0.667342073195195
0.5383769775370375
1.0749664925426534
-1.3527694164176778
-0.15112160198597246
0.42390535025774784
1.869377724267267
-0.35998839839919405
0.5123495261574034
-0.8731830337497283
-0.5604239339021855
0.7781438413517617
-0.2331616500288688
-0.2818861384291505
0.12988619154353429
-1.714266328248034
0.4456068522469788
0.46300980670469516
-0.7177219254983604
-0.9677855320605275
-1.6868790780525886
1.0383292552690977
-1.00775044701508
0.8282162809400805
-1.5800578662258762
-0.06380576046374356
0.5732679489864795
-0.12027273393077945
0.25256165081869186
-1.3447555384936762
0.1782302747391057
1.4832840002556855
-0.3054140933666736
0.7455029243609549
1.3821807028763513
-0.4378202344732395
1.2619726105465012
0.9285164533946243
1.2032293593523558
-0.5718052373756943
0.15718296408035912
-0.5473784854741284
1.4738185029377966
0.9112483945683932
-0.49658754300069086
-1.345865631297302
-1.4487426933977245
0.5954504152622981
-1.453518808769482
1.314216095029469
-0.636824704144649
-2.171518990781234
-0.15352386026605255
0.38443974217234433
1.5596939540771249
1.8638348562509763
-0.5068781400963438
-2.131641542070964
1.0908289309429475
0.19982192078535838
-0.21712099882510882
-0.5530974383470966
-0.38070242443036734
-0.21652807462660872
-1.0817000015389198
1.5791806405376523
-0.0178846517017003
-0.09021316284449571
0.8751171998047839
-1.224649768726592
1.5168514240407442
-0.5500463787770821
-0.8951992542770925
0.608707404670353
1.076433606110251
-0.07588970014413811
-0.8573978041289931
-0.9772763753926216
-0.2166911308354372
-1.7260275554849631
-0.17947513964444176
1.1879367015839664
-0.46600207723216835
0.3210968039324924
0.05732458516840961
0.3680767692530033
-0.4610861792459308
-0.7392335291573982
-0.1947371914966123
-0.34324564881904845
-2.3190864744969857
-1.029485048442143
-0.7019391536963205
-0.2177478061442338
1.1481998313793103
0.6418391470268894
-0.9831349151109501
0.27315318189967264
0.24152856527434297
1.6130655668470941
0.09785593764612777
1.4617157984801858
2.365513085940277
-0.24798784787104594
0.2745872980489543
1.0110890091605078
0.5910913219709413
-1.1017022750638124
0.9581268819807891
-0.2460932736402932
-0.40179803565727856
0.055984377671780675
-0.511843603398371
-1.0016623590115596
0.9567066140295967
0.8032947150000895
-0.25252451294524775
-0.13363979689282554
-1.6933020747263765
1.93084826188199
-0.4536339960235187
-0.2958531251876403
-0.20269178505968583
-0.7794464993339123
-0.40637832937472107
0.07178321604567035
-2.2894364335981687
-1.8008020911004776
-0.5121957706849855
-0.9901453057215945
-1.6149955572276333
0.04843521218152547
0.038184452789480613
-0.04137898960589053
0.7369698706410652
-0.9802448415909099
1.404086033797915
0.39222733453754216
1.0610929660682364
-0.060729452911912694
0.06164291444856554
-0.7526610458436468
-1.1496195845278907
-1.8026694579940894
1.678603856918671
0.6359161074917885
0.6949341860878641
-0.9612158207015241
1.8082030368376352
0.24126314574806246
0.7220771668569447
-0.6669399647956158
-0.8294773736043677
1.9453110920995078
0.32105920154577433
-0.7004293779598892
1.9248609113300124
0.8259649189873802
-0.4646046451233629
-1.87884273040238
-0.3584047770901988
3.053813369141529
-1.3634062843562198
0.6851335062904113
-0.13079204137150832
-0.39298892518095196
0.8891204640426907
0.05055765540240097
0.8014705713870596
-0.9683617567002616
1.0488799552308155
-0.48042399988672074
-0.72636143138421
-0.6699530369523251
-0.7472496254776888
-0.9215095946973609
-0.8070145945113755
0.4336920113644757
0.6698975836333175
-0.8631930447582882
-0.17337788382133731
-0.5879949903302777
0.4389992014610393
-0.11376240969777353
0.2711686840701962
-0.16531221461055695
0.42012400787426396
-0.5445266896672288
-0.958894274934291
0.926888753860466
2.315602842519971
-0.4155408907143494
0.06244106942347395
0.23509766362168713
0.19007097290431182
-0.741588928005225
0.0770210997894523
0.9508906378620945
1.6424371192789748
0.9837070954816338
0.3334831696501994
-0.024435568700134257
-0.5079820645695979
-0.5861010002791661
-0.03468888556587699
0.6153917366684454
-0.31730699096013587
-0.2421987565623725
-0.2631691143654393
1.4067363496709056
0.7902886258186245
1.3824473755060642
1.743552173387721
1.0641893654072454
-0.3644084630876776
-0.10772098007526215
-0.06179209369651748
-1.0175263202210543
-0.9374729372538018
-0.9026724772733656
-0.6300153022182285
-0.3599400820427826
1.9388079220073209
0.6316002615574963
-0.2804165069094696
1.1887023019028444
0.250531665508848
0.7300894822781122
0.35572351490505594
-0.2922812761510951
0.5804341966573303
-2.8984017294812636
0.5685357280698168
-0.48534536676295525
-1.2811159574326874
0.2839419115631791
0.04555737339691008
1.1301567104115555
0.28630543161515665
-0.4677941050538409
-0.8897476077985426
0.654656541869143
-0.9305808815987925
-0.05137033700383693
1.3985465208633796
1.135708930755522
-1.6186802200398054
1.8768398434087237
-0.705224457916212
0.7259542076869402
0.5532242191357495
-0.1149526320859763
-0.9270283050918116
0.30107996032173456
-0.3258623621353289
0.5798579453567612
0.23470021714119527
0.681722574798879
1.226008113010087
-0.1400599022757803
0.3552307893824255
-1.1950268269566395
0.6777913299322218
1.4258520120237634
-0.3516583824665253
-0.440338276752609
1.0699445410139963
1.748750953685941
-0.289240444732589
2.7114727402952647
1.166221138997864
-1.3796652980104955
1.6171424473781744
-0.9926255551968222
-0.9414458703520194
0.2610896283051748
1.8947706402643447
-0.8394989477375543
-2.341196682970161
-0.3971427747043227
0.3052247447299486
0.4522616396191218
0.6870649688898791
2.300542404322028
-0.6453169954373366
0.40589338924213936
-1.7786410539699
-0.6081031764665876
-0.5580280141373001
-1.1191124125891538
-0.18696716739425484
1.5463153225168917
1.2517117803228985
0.08895425456660262
-0.47452033418478207
0.4382200322753543
-0.7644494704766154
-2.616713272682308
-1.326516114054156
0.16135925273827098
-0.1068248615082193
1.031437632684433
-0.017249987578895853
1.8360813807282235
0.52547387189186
-0.5493758108500878
0.05649245848938805
0.8613950460214841
0.3232637720054577
0.9612119951839831
1.7041788073272301
-1.2756537319346444
0.027494190311413307
-0.18311607121393367
-1.5176303421005966
1.6932506740475848
-0.7076332489791529
0.4457907337045341
1.2112677116772064
0.3000999098696927
-1.3711162915941297
-0.37218281907316886
-0.008179930016203967
1.329668193433944
1.1237067861301009
-0.9960900700268686
0.28041003111937823
-1.392755752606861
0.4100128588788848
0.32282735933269274
0.4717817370413862
1.161754656365599
0.9989560351863075
0.15638174860848134
0.10178249599915282
-0.9156609768492088
0.15455746723350705
0.2817567938398595
0.45612879333959544
-1.286723031983279
-0.08265665311578015
0.7376774432611788
-1.9458155996465365
-0.7975516894051344
-0.2106555515780834
-0.2994054514054961
0.4506346470233649
0.3848812648119736
0.10043408766373647
-1.3644325973128082
-0.2993416830136875
0.3708211729300926
-1.187627177230035
-0.20082364796679195
1.457746641916497
0.26598742149524096
-0.9567914137364609
0.05352429246882444
-0.32745194800703104
0.683594738489445
0.23422808410615997
0.9941336089724299
1.6574274059721963
-0.46754282678922865
-0.7700796804206501
-0.4601642654469479
-0.6935191563815155
-1.4199172802701303
-0.5173088103713335
0.5033335596854357
-0.17643633777457485
-0.4938046807873721
0.574401522289144
0.05578486456997332
-1.968533731140911
-0.8874717192151158
-0.5464442774311276
-0.5598834916401807
0.7671375578132872
0.09241593130989857
0.1659698927287525
1.1465492904000236
-0.056877993632494316
-0.08527464651999406
1.2152717197314526
0.6735456536216231
-1.0847578610567283
-0.2701506810807479
1.16241877171126
0.44645370009512453
0.7740189540037123
2.4618094426566914
-0.31736515116850783
0.6502304290749151
-0.35690273624886165
0.81112409058133
-0.2746540677303548
-0.01471499285627196
0.4005411426985472
-1.1159238819984907
-0.3518311211655126
-0.0730959279795372
-1.4638237108893395
-1.4329623412020631
0.7708552669115822
-0.8969917974463053
1.3184173087802837
-0.5701389541272239
0.34153398160345627
0.7812159755117803
2.558747135243962
1.246545351511498
-0.003927901162162508
0.16303820161760918
-1.3451248394146245
0.11743339866687777
-0.7091604754305443
-1.2160537787582746
-0.19440108553913865
0.28265899441432574
-0.6734555733578149
-1.3122872124511444
-1.1038949742391568
-0.1674633790775547
0.535880700211442
0.3022708398226889
1.5376393693385246
0.7020657991088962
0.4726111752569697
1.2819074838744775
0.22098773600365695
-2.464572553417832
0.8235761215718693
-0.6678184896985039
0.041270006518097195
0.9382489328338008
0.7411295947621023
1.2898041378930916
0.07618077929766531
0.5612015483778995
-0.7299773716059421
0.42324925648611994
-0.7722410258056993
-1.8365401150675196
0.45587653623219226
-0.09641430229652387
1.366605874086806
1.4772668574262302
0.10249319915930345
0.8459952818499157
0.8205000111471041
-0.126181779226886
-0.9273784182744409
-0.8335154786305139
-0.38078840995794133
-0.8582907280932616
-0.47536297006435735
0.40195306033743156
2.2830388066764593
0.06073026137830669
-0.5690313036659246
0.698954022696375
-0.32555500437509766
-1.0976130931838373
0.31372410459277
0.864399990023613
-2.247217707706643
-1.8265295033891082
-0.6726286746958271
1.7268639918429876
0.1030835781132912
-0.08328220550566763
2.292646074835793
-0.9027210484497937
-0.4774710353992414
0.6925717056871245
0.4188350983127529
-1.6039969904930829
0.7283576562800474
-0.6949906317495893
-0.8558905372987925
0.9919686875603453
0.8615235592608889
-1.1871203824318837
2.688801165498238
-1.4245070142428773
0.7633700706483191
1.7046771848481463
0.5365951993195817
-1.6922746265178508
2.4029211675871016
-0.7796646367769969
-0.5287384048018638
0.8806314978495784
-0.7159907606628052
-0.1104270129266567
0.9294563829050971
1.1096166322697034
0.19698865178326436
-0.7762438259332867
0.3769418594128298
1.9184477545246459
0.5963585402039934
-1.373233820524163
-0.4486804056080614
-1.143120691735
-0.024308574164931582
0.9680886163681485
-0.6513541225868701
-0.0304272323430656
-0.5197404821299638
0.3023777322617793
0.28230826417996496
-0.2585697928408876
-1.910037196869928
1.083631688655699
-0.25253599609955174
0.17783734107520272
0.7097137471907257
0.12090981527175093
0.52525774476268
-0.5155759842718464
-1.0130945818561081
-1.6508961060306342
1.701578993860436
-1.0009546041050252
-1.3813203553626612
-1.2307276182196654
-1.3101297626723487
-0.7891637571919285
1.364946670620932
-1.898928115801692
1.1071441324147302
-1.435781041901098
0.42086460138672976
0.03140805954933121
-0.2937357967468493
0.7802142857431569
-0.9917739373226124
-0.5621375221612136
-0.4895355824912133
0.7079111807038356
-2.4997187362071585
-0.5324770766632345
1.232107975539884
-0.8644731051499559
-0.3067051112524481
-0.4210663191259206
1.0438256557426748
-0.4395650995739044
-0.6776728246543418
0.1148474706874742
-0.7870673911936777
1.27988207328338
-1.8334696968118451
-0.9718761622371208
-0.6215618218221207
1.7929124722561232
0.8702329640322122
2.1841720012896304
0.4494624168143079
-1.191576129677447
-0.7223388382752904
-0.12910408744130747
-1.2498538103451418
0.6251746934168834
-0.8237553876489737
-0.5169236232483174
-1.1092226598219397
0.2809563869344763
-0.5535002268957273
1.384761951073905
0.21226140918141903
0.2511113478365339
-0.6658012209425701
0.7502633335809777
-0.6788939439449204
-0.09920520962655051
-2.04041528957402
-1.2208093908831674
-0.9155756133562634
0.9162725939064924
0.09668509432717795
-1.1265004283873286
-0.28982832705672645
0.9683765748859477
-0.028257292702618186
1.2012578294163576
-0.8912974851035654
0.7027465857826141
0.3321925392095817
-1.5784053933787958
-0.8068690496181307
0.9905512431787132
0.9367045358398594
1.0314079037533705
-0.5838862543847154
-0.48040078883855086
0.18095301597753144
0.3002997450644634
0.17518916357153871
1.450645081037685
0.871201470128108
-0.6508934463880113
-0.13250316119297015
-0.48691980351325637
0.3547110773474836
0.044607634364687704
0.015163567577969474
0.3156532393021273
-2.1723649451610947
-0.3033684865709203
-2.3575064296331356
0.5984342074894178
0.1665044380653763
-0.2181680619720485
0.17866330448115872
0.16350675625822655
0.7719085883007831
1.1177852717943118
0.5977113026875511
-0.13853509700180291
0.7870918913917849
-0.6340773826279996
-0.6904297422504598
0.7758261400874061
1.040773300083812
-0.7643273069379845
-0.1061022434415326
0.9680457097803589
0.6746038978412352
1.7316210653784396
1.1225580885507467
-0.42928563239650486
0.5035461454810938
0.23400469533350834
-0.6397843963831104
0.05778237772011812
0.8774300548863124
-0.8755585985354052
-0.47063819439038973
0.517944518881357
0.17422066725273233
-0.40849133868221915
-1.1275326454404355
-0.24373776443729783
-0.011501183199771317
0.06369873955830951
1.346474172091473
-1.44559441471938
0.950610110536171
-0.08436432845743749
0.1282158825597871
-1.6039247153746334
0.8963519522539627
-0.36733695786658005
0.08417941402389913
1.5369406786538404
-0.45606960555505016
-0.49107378717804895
-0.42490066598275406
1.0528335779869518
-0.9635195014402232
-0.5967403262488923
-0.007799917677141455
-0.22943203844501647
0.5155237291252079
1.1981879562659026
-0.8823988018634432
-1.877321805343736
0.4018734067158004
0.0533062794242006
1.2714071899355568
1.171162285098899
-0.2500287588151688
0.26305955406000103
-1.5615918949852177
0.5029869631054779
-0.3244870219206427
1.3389468411484486
-0.5156843850006024
-0.24585316942501606
0.32549725139548025
-0.17655852416578585
-0.9434475276662146
0.7817786811194682
0.1465558229679816
-1.2168252047109924
-0.010632458565815813
1.1870733883938276
-0.5351410625274344
-0.2786781720292712
0.13951733272633612
-0.4329292210776816
-0.3150379776857034
1.0014576482653312
0.38424310927122607
0.7650662266096805
-0.9496307319555192
-0.20330544316229615
2.514228843482944
-2.047504803576568
1.3190318499137306
0.8892991522511258
-1.6432395229342152
-0.868219500476133
-0.3625699047350546
0.8614657127279268
1.284675113172783
-0.2399734357389035
-0.3715352101270447
0.3186438298827309
-0.06055636839475888
-0.012497421448116606
-1.4495791912736358
-1.3911635512506078
0.3286166459191616
0.2655264521258153
1.077139853950918
-0.02281844841864626
-0.14457789736646287
-0.05512920851115226
1.3101175335735376
-0.8356507928023535
0.691651999051661
0.5851361293752663
1.5902479572690777
1.4992065670358274
0.2974642741488353
1.5995708719641197
-0.6804397808300185
0.7362250085329356
0.4738126923862896
0.4233116064044524
-1.2042482799598007
-2.0337656181418646
0.5769284583090063
0.49504521338264784
-0.9058949447918732
2.838768760271667
-1.314883724179495
-0.23482535066344232
1.0685951809556182
-1.4073000741765602
0.3962665932924564
0.38697286111693113
-0.5570251583938342
0.22369151204916587
0.05742300558118123
-0.24212892398564623
-0.35823075749935096
0.9317100789183025
1.0750948907109976
2.018900775195706
-0.42555995117343304
0.1609626800412271
-2.6250039931985
0.9832160509734814
-0.5640473858968759
0.07967814215696996
0.27818764263036655
-0.7195750649530772
0.003456988732881804
0.12898588551129714
0.23625773542669756
1.0988731935747789
0.8930368675794714
-0.5566100218217799
0.3555247251363979
2.106562280285372
1.3552413618032588
-1.6841349981637856
0.701490138943346
-1.5523996177616484
0.6599994254729501
-1.5048104579215773
-0.013779802176888597
-1.547252371495038
0.19602079517734405
0.017327275244233515
-0.7657953303693338
-0.9089705180672342
-0.7845920332880447
-0.9382209792655524
0.34446090857640016
1.3467523440485893
-0.9181296841601526
0.803373576295886
-1.9870293687978513
-1.5320823329376052
-1.3443724824317487
-1.282545461308769
-0.25124112115445374
-1.2304182323099246
1.045328446972207
0.08411890643944829
0.9820214161313077
-1.8098481021992086
1.135541942054797
0.207708035451962
0.22415798173166457
-1.4304243325318569
1.3685794111037417
-0.8177908407378656
0.12554973167341643
1.718311874767938
0.7096835616605022
-0.4887443818706933
-0.3922173238209568
-1.7561007109325633
-0.9308848419135421
-1.4238296318472707
0.42221437355407465
0.3652194840599234
-1.3790717881963304
0.7757609840402117
0.12709193392423498
-2.2799427563865557
-1.414568174065834
-0.603311421963861
-0.6887697269298184
0.514848743573008
-0.4718505156663788
-0.7668926149835772
0.6198501120858528
0.8272635287838946
-0.7660963758544201
-0.05330209220710617
0.1114719723452126
-0.20023074195359367
0.5170510352642522
0.4314384385398567
0.5349867996793781
-0.6273539230287405
2.3605697379581825
-0.5046462048539961
-0.5096198858951246
-3.67469360054776
0.6214415289824263
0.15003934897395366
0.4977233708063544
0.2787744701379052
-1.5978869223998358
0.17436165106114582
-1.1250013121643694
-0.39173089729495286
1.0461775136333014
1.5985042635625606
-2.6027701082926225
0.13695363292198728
0.739930760325406
0.2387534093295507
1.7993371566107232
0.7111921224960632
2.2711923613025196
0.16866550196655505
-1.386911430870989
-0.8329371243787103
1.7507953607892583
-0.5354696506481016
-1.4643945586320681
-0.6344346940396861
-0.7446980140816873
1.3543451757792253
-0.4438455572391904
0.5934466090816878
-1.7487863248346123
1.0434919237660392
-0.14949410895316315
0.41717155962969904
0.3404715649566935
1.2137920740811425
-0.4418316815614957
0.11337079745202039
-1.845396327865519
-1.0815655371100985
0.10931372853822839
-1.0594759395482185
-0.19903243642322738
0.7909098204111343
1.5298871543085997
-0.3294155715622778
0.015687373021051602
-0.1194440017416131
-0.602949401517799
-1.043461249195227
0.8023077680210791
0.023571727487347576
-1.2349101555199213
-0.8543414484160026
0.4841076604901597
-2.3895065997917517
0.8461883434158748
0.3487449153113332
0.04073192051728133
0.5591020292662126
-1.2705472040078578
-1.4024363218979825
-0.7044401617514428
-1.478459130081574
-0.34243495528582063
2.0958705137290674
0.5317518457055264
-1.4376567384808987
1.1760360125022609
-0.8205154144029998
0.020145837521705717
-0.8571864679170494
-0.5425068575026799
-1.5211244251478402
-0.07976444448583837
-0.34870810988798184
-0.4854806185950747
0.225009354200079
1.2110832155704616
-0.9472208205427619
1.204106566638178
0.2219499778851913
-0.4035550046436152
-0.858068584896676
0.7773974601486342
0.2517100613764637
0.23337727095804398
0.4145597922351516
-0.6618894341220473
-1.5493866177807545
0.2578422842970433
1.017125461891201
-0.07452074287335785
-2.0064048398795586
-0.4502771840115915
-0.30861043831053686
0.8763727233611401
-1.1702074932137612
-2.0222013599224344
-0.9955256001470842
0.46326579672390195
-0.019763502404904928
-0.10579044717297102
-1.1551330619191635
-0.277610432654
0.39683473995353047
-1.8285467270232343
0.4422536658542192
-0.7770879619550832
-0.1256034444563695
1.4067949451064796
1.0019813950887801
-0.24183670817291175
-1.2274832635523738
-0.13696713387498133
0.4099462423646057
-1.3615801585215173
-0.6405303714603153
-1.0905226351836526
2.112087689805408
-1.7810883719398867
-0.2987129344700994
0.09989178834105075
0.577277320044998
0.20471403447279277
1.6869889814295562
0.7445235102341965
0.14797886942781116
-1.450225066987328
-0.1632419399185312
