0.8051886851090212
0.8577164265654215
0.05784123598612225
-1.9565197185181906
0.40826831471350666
-3.1246413567478255
-0.38110985158675026
1.470605043444078
-1.4006960919259115
0.9917453494938692
-0.35445916181397685
-0.9508346620888245
-1.1974110495582602
-0.251113271695861
-0.7758843279563364
-0.5948330259558984
-1.4474461980052258
0.4292669088133887
2.003628717689019
-0.7988991945902956
0.9374055636605729
-0.5967936052004874
-1.8855792780041531
-0.243798008886048
0.7806361535555444
-1.1235872420236903
-2.0297581009314642
-0.05737517272447388
0.6524553267830138
0.6216452696079692
-0.7510105862087313
0.31943177049967975
0.836180777598011
-0.2932164286760926
-0.5901067476834063
-0.9509551267755864
-0.6333872236112623
-0.9085194667191445
0.8902474764515762
-0.8026419513668106
-0.588808359508981
0.5306212973056394
3.1335103398859188
-0.6288590426411331
1.015335129502108
-1.1835067480533379
-1.2869935510393595
-1.2997437201600137
0.019445782182220456
-0.3578321922342153
1.2963929701160313
1.3822787519497277
0.6827797458194348
0.576795713501741
0.6878071546625101
0.4874339295973092
-0.7154480537709367
2.5588886743908708
1.186676731097937
-0.7372043814741464
0.41161373592219014
0.42609177482891797
1.082217026489483
-0.6372127235100777
0.30464935677908705
-1.7253258128949498
0.5626739938040469
-0.3124932331893892
-1.117616522771748
-0.3494220806411386
1.6712707266082953
1.709686218938395
-1.0429026125034204
0.09678935627081958
-0.28361852020133127
-0.25166480959172705
0.17736677523798525
-1.12569556854415
-1.6538978769071766
0.6695147799420184
1.0680402047250679
-1.4453067253610512
-0.7691694329957284
0.8053922665397683
-0.7351319371000647
1.2277227004424742
1.2536413057962696
-0.6316410276493868
0.8449357461239888
-0.6695668251239376
-1.022556623236049
1.8755276988677956
-0.3766872915306828
-1.7349049660493887
-0.453237172496709
-3.0846928895329238
1.71447282617084
-0.46635062465442934
-0.4126166561066211
-1.2765842310698639
-0.4787940787508074
2.2618771494212013
0.5382085457641148
0.25690009345836307
-0.4024397975928927
0.8030611846039509
-0.3585938835390658
1.0779516735280794
1.2224460980798897
-1.2890074814112669
0.9563192858492134
0.5693170863798787
-0.20088163663324918
0.5376033273766205
-0.5444516628650364
-0.6192279014388399
0.8935232035900034
-0.24963301761108306
2.0754171848414766
0.5831699027314617
-0.32201901648785436
-1.7155343393263893
-0.28891906438833564
-0.7556559138764141
1.0348533508545275
-0.11320891056936927
-1.4200270917204862
0.07467784610290848
0.13337099402774477
0.3100279956864817
1.3374911376637577
0.544358943878521
1.3203506266111895
-0.3585967527741411
0.728744133619147
1.5192136503791276
1.0438021639894461
0.21302420505760095
-1.3443859176351838
0.56581443292512
0.6839508547099923
1.8582325794051915
-1.4201731367994086
0.7180067460277374
-0.6571185864117339
-1.002370626970279
0.697094411912451
-0.9919767933445496
1.3780885914342194
-0.9140786687610309
0.35698260931025005
1.7268300941963208
-0.9281950592272761
-0.8051999912868398
-0.47618649828167936
0.052081726060647975
-0.63188679666601
-0.08083957578705728
-0.012333473406630964
0.38072109796688614
0.33633981976709637
-1.2346458511906617
-0.3409037098991428
0.6719802274757578
-0.5139494025888005
-0.3712360948183542
-1.149986539273557
0.9893578222708558
-0.17328505204992437
0.020313057709425413
-0.47706204252360135
0.565534620722764
0.2655554328616632
-0.04981732267358836
-0.9787650784383796
-1.7153194382902037
0.2614339738479801
-0.7828000197293289
-1.0682610764248386
-2.3459720043270385
-0.2899106700001448
1.511963894569044
-1.4581452454619948
1.7851650241528936
1.6557382624339987
-0.25861850586105367
-0.4021760536364262
0.4376512159583198
-1.0612998067518875
0.3811249423424373
0.8447341262587617
1.5629330089993503
0.6459380429377658
0.048823360527774855
-2.3432782797146823
0.30580845805196644
-0.7860886537436936
-0.8092287967857348
-0.21711831658203756
0.8614621758971232
0.19261764284384186
1.8259821595879848
0.4339181035830907
0.4104154956945311
-0.7934372679546884
-1.44287015387477
-0.65784507550336
-0.30945982302752406
-0.49498481401439837
0.6394269524058818
-0.9460980629324541
-0.5805558655598992
-0.1427926887030142
0.49696882400300874
-0.521806466250036
1.3902798555161584
0.3547209962057223
0.20646904830334803
0.5148167078916431
1.1615914806964733
-2.2101725631968465
0.8528619447491393
0.44065492864779426
0.5081936121734367
0.4839624483897179
0.5304392346901182
-0.6865089880344983
0.5623510965893959
1.6714592253461193
-1.7682001766111664
0.6192579243915486
-1.2379048691154582
-0.2310638664405949
0.5303551235557723
-0.15228770561479388
-0.014131954430663802
0.5146219392863269
-2.3808416370781083
0.6482941504481831
0.045925936662142924
0.47963519583360353
-0.4769825866163991
0.2841097201699369
1.6557066549789679
-0.0017597566650810578
0.842886291617227
-0.020630139965459565
1.325005404891102
-1.860732519816903
-1.4910965424314024
-0.9134910136590055
-1.307981537488795
0.17226718955014764
-2.3341076082683516
1.3239104732757223
1.7079231011939153
0.7914185184965651
-0.08938968681617838
-0.6936195786184676
-1.0143021721199026
0.024598493661141238
0.5365730193963887
-0.5679909765728982
0.2515078247306159
0.27743283867857577
0.9286919483993716
0.5661355483029643
1.6056308608669656
1.436234565408376
0.264870387463017
-0.048728944340739364
-0.521449625119938
-0.8063914879027847
0.03668828895833179
0.7678336533561021
-0.6924192895290124
0.8830576779290967
0.8686112140487718
0.4389027288296298
-0.350650603830812
-0.17646484764909737
0.19461680661583036
-0.6804400864409683
-1.0613184516786847
-0.19189886610264859
-0.6411863626508976
0.5022833992475256
-0.7413351338605764
-1.5358377098922598
0.5698969395300689
-0.4060467271385176
-0.1114720736148745
-0.9441790844722583
-0.2650635904862833
-0.7920809130196881
1.0504104276807351
0.7206113471936673
0.3269239128693989
0.7945964587807811
-1.4992737654977915
-0.05549283434555448
0.7651678920886043
0.5629240027933093
0.7154025044868795
0.41847316284221014
-0.07732186197997454
0.8724719039681142
1.7534305308865292
-0.9766696114551481
-1.8698679422735704
-1.9861099622348068
-0.9371270546278483
0.9790459906281961
1.566847008771109
-0.7575022173614625
0.08723453375056686
-0.47033066923338274
-0.6050515373593325
-0.1491235451548494
-2.130962421423707
0.21796784995098603
-1.329696832558162
-1.5259934969139664
-0.7039474263434853
2.931055087442393
-2.4488418943365464
-0.07636686675996375
0.15890371091557043
-0.274415810924067
0.27522882918323865
-0.07436270150313068
-0.6851204989346826
0.25462671315793334
0.8895941868510338
-2.3205455110431514
1.764202975486418
0.06784582884245176
-0.9287008501275316
-0.4001630105780835
1.806075178189964
-1.1162740332183105
-0.46377320195688126
-0.9598718918658624
-1.1914326708004315
-1.2501425475835473
-0.6867427394212292
-0.6414194923351649
0.03412252468578928
0.8238595175756503
-0.1327802222982578
-1.1754783817984835
-0.2069340553854282
-0.3517868539351583
-0.043077745766310474
-1.4186660511488205
0.25257464553931624
1.5809926728277657
-0.03059474871664607
0.42063857626901885
-0.13660617590899715
1.4133345570026217
1.9650603380156986
1.0650967293450126
1.6804031030339168
-0.5333482743751398
0.8362646633357456
1.1312653919050952
0.36031312487522676
1.322613434297608
-1.7847373136558105
1.0920176893077522
1.2290726769410494
1.6061498378364107
-0.07002650375226
0.0025750913356494356
0.22995360175983673
-0.8708135794249063
-0.5900779005629095
-0.5106890619849176
-0.8202346190633051
-0.19039110615030944
0.14501061068315843
-0.949843221941323
-0.5852117539418962
-1.0210439923533745
-0.7339743200289347
-0.4686253233394638
-0.3984516084230729
-1.7741599721817962
0.028831794552860893
-0.6848007523894724
-0.6761388027380725
-1.1918508356154804
0.6857553057123547
-0.6091416884300694
-0.7705369665381404
2.0612397730948095
0.9316023251393207
0.08988942715293693
0.2023486123085871
0.06457574769060961
0.3317419267043624
-0.3707859463557206
0.9147223820091204
0.3810396619172362
0.5362085506697924
1.1680139361231503
0.5491478502924789
0.3930126744575516
0.015540863456709844
0.019352386193487232
-1.1555681660228685
0.41058636798440457
-1.1826129861630963
0.008429478821676464
-2.1743615197215007
-0.13348222222417447
-0.025788305000327454
-0.6058357970547246
0.30252147968208476
-0.1313482301761367
-0.5472613515060298
-0.1197312046476105
-0.21325722951816417
-0.015019008208080654
1.3730863002033395
1.5718758401929989
-0.3963067269318934
1.1545498128123823
-1.5446575342597229
2.007278319699214
-0.8073455747550147
0.2128344246979033
1.3147227246694517
2.0960246305004535
0.3186299075629887
-3.0513729594073755
-0.2787669234723459
-0.5874964143866428
-2.654779108694905
-1.2395030804689755
0.4490355248477178
0.3040340115407631
0.7261914146820069
0.4201142416512288
0.013314055497022649
-0.2899965682393913
-0.1573662023653066
0.1729865515261812
0.616941615918802
0.10824835936098384
-1.8513278109194873
0.419642956830915
-0.06963059854320934
-0.4778508149238284
-0.016251752161079706
-0.48593250217217776
-1.3196917859469592
-0.6544182938199937
-0.6426968663635513
0.7500746551551929
-0.8020586741194593
0.9456436649978015
2.1098245203430337
-0.8969801603018738
-0.42851093597635187
0.9223880374537504
1.283299702995256
2.3607641700670237
0.45491891842877025
0.5741758988053448
2.0164148457841122
0.2928557081990938
0.172015551078828
-2.2327606486052973
-2.077265170063718
0.9354810464748878
0.1403580497602759
1.2901497678409894
0.5278303992563829
-1.88997680383548
-0.052409176666725836
-1.035803185889814
-1.4710937327064797
-0.6830522582796139
1.6045185907607507
-0.7012508829413765
0.21021584919164446
-0.7120425297572603
-1.035761807387605
1.412655744755981
-1.0490980320920156
0.5974609201866078
0.9600770447120193
0.15746814730985673
-1.5807411690061728
1.4835418733207795
0.6241119960336343
0.4973468718601698
-0.18670102225114574
1.045582041378666
-0.03139157430446811
0.5005450250713576
0.8391697993760207
0.3910861618208098
0.4992900173045128
-0.7317703511647304
-0.4567536322733431
0.1293501985422741
2.167314908112749
0.8652126677836349
0.21344339947920163
-0.007166452047089429
-0.29416904880866623
-1.1510628967562273
-1.359181523660434
-0.4250486099428041
-1.1612924612889315
0.9860670000625525
-1.617604532829324
1.3621047087525973
-0.8377834128930702
1.2074029866970675
-0.0499758836122954
-0.39368172636903503
0.09287606485727842
0.5513846491306953
0.7796991220485672
-0.17606390967769045
2.1490054270107297
-1.560094319162267
0.39786420276762935
-0.3062326330124806
1.0933073750771518
0.14559679984247875
1.6829254272122818
-1.1999531989891017
-0.09884511892508321
-0.09227937417387269
0.10448035871300715
0.6999612536429832
0.48615521615775786
-1.9071510304292345
-0.8613707624730365
-0.8151060568594848
-0.15043354806442263
0.39611155531732894
0.8172283881227901
-1.0224857225987847
0.7925169631811869
1.7430275074201778
-1.549454598557494
0.1522340452879847
0.9975172748532817
0.6885933615354543
1.2163680525280167
0.3612191988307957
-1.0704242181729087
0.46954021997839634
1.380177162246794
-0.22890196882373054
2.0587487846975216
-0.4450579022804409
-1.3145119171065653
0.8486524346520343
-0.6926226129305724
-2.005619516090441
-0.44059875849530666
0.20340957515651303
-0.23944418237679285
-0.01671425533078916
0.8119324087473495
-1.5681468955538231
-0.3200242033195
0.2788836912429932
-1.2097176101978508
0.8803133155098392
1.0425949054335213
-0.7211471355719934
-0.22198296545072235
0.2538679785295911
0.45611280896250805
-2.0131356966065925
-0.4670055899686852
1.408269433675912
-0.9377131295516471
-1.678342976609658
-1.4324642837894803
0.05796466387134203
-0.8475539324460515
-0.2272089389329651
-1.7813611910290186
0.668423101410065
0.8575608344770576
0.267700217517563
-0.6957042585057073
0.5638801884872889
-1.446824688744604
-0.7286023572853436
-0.12371217345811397
-2.090388269385091
-0.43175938990610047
1.085183560823057
-2.0552154604252726
-1.727752610370493
-0.5296434812406724
-0.4751608125766274
2.4195848865198615
-1.2785576844955013
-0.313287051950196
-0.7799256861016326
-0.18406345589654535
-0.4377985392582545
1.0118458504366916
-0.09404027338306221
-1.3802375933442403
0.5174995290206654
1.1493531573002054
1.82746398300955
0.19285986813050138
-0.5701200623422285
-1.0569817365641658
0.5024057061985184
-0.1014827692707557
-0.6486654252567144
-0.4127938008296342
2.8496514404586666
-0.31314704147173805
-0.3453475369544317
0.35774433860941274
-1.0919789096008485
1.8306750422635334
1.7225573094691633
0.29703283377189166
-1.9647312627386726
-0.04052917485537818
1.3956384671348008
-0.4513939734876124
0.2933853041517364
-0.8641439371133035
-0.3904543929412223
0.5047503639356318
1.1306533943611905
-0.8870090432255227
0.3758381551247614
-0.510270186309253
0.6718417295077088
-0.6849386276353092
-0.16926131943536263
0.026141600169112402
-0.4615148439200127
-0.40247067376205964
1.2213935625851684
0.4486207669102123
-0.7319822893957143
0.5421132178574095
-0.902824911297614
-0.9858968007207006
-0.15872696117547602
1.1634765907516509
-0.7873576869328287
-0.6434961783007581
-1.1741967548220429
0.7681783980451657
-0.449548749799025
0.1632084107230945
0.8842513034292121
0.40676508981080217
-0.3312351572479461
-0.6226308348137348
-0.6444756906314753
0.9077973116963219
-1.1030362922687114
-0.7179759292291262
-0.8199201026665265
-1.8156724426883855
1.5225504164274055
1.2866840803340553
0.009861487138237209
-0.16408378569303364
-0.04032025112547912
-0.11271901369540588
0.510110125471344
0.09413568985865226
0.46008046882294723
1.1882179956050796
0.4338386550454553
0.16003654553594532
-0.4511569462957121
0.5154411824983186
-1.0872302221968824
-0.4143478319148176
1.1921103918129266
-0.6298357958709857
0.1797785273644779
-1.3069167152287333
-1.1442354414988556
0.3097940845319017
-0.6632565385498526
-0.45763287641161904
0.2593127890264941
-0.44301048877581395
-0.47352185632458804
1.816285213675153
-0.18934886036430518
-0.23925638818318914
-1.666051263293716
-0.3103449748193298
1.2739946080888809
1.432251760235215
1.6560052324427015
-0.09233507937268359
1.1441858078856184
-0.018550444583151093
0.1274856816830791
-1.0714818287200572
0.3909324748100223
-0.12083711294892452
-0.08342725577741439
-1.816177243241655
-2.2093261880879997
-0.7580148993192366
-1.4535557586575971
1.0258281644855358
-0.36912906319754796
-0.6083997834263913
-1.231740125055911
-0.3530216975056703
0.24797913442550806
-0.4926656683543156
-0.154945827460435
-0.2519105907968785
0.06281605196867855
-2.6929106474662476
0.8758059267620208
0.12426229764772707
0.6894621476768454
2.139580872859802
-1.3648157498287026
-1.0061551021351014
0.17679893834249105
-1.3248522260591693
-0.0232918927392011
0.41757817043819817
1.6201193163666627
-0.1106195038696138
0.40078564607892103
0.4552067213545399
-0.014112587610791186
0.8329623764570849
0.9943252992757778
0.1861552753178963
1.331783699126316
-0.5816667256273563
-1.6415061981390708
0.8340516787884185
-1.4012863468111159
-1.1481123556927666
-0.016138979654706193
-0.6711046669427099
