-0.45521689930424025
-0.15288659366821597
-0.4210574077505912
0.8079551296030192
-1.129410000127995
-0.17208999012570614
-0.9001444766495706
0.6027099784120039
-1.2286830778161348
2.146708313046496
0.1090086886824157
-1.1550529207232538
-0.210657375790366
-1.181537811704354
-1.2504971144093882
-1.1228882920756886
0.29745570612248573
-0.6382391309359133
0.9815150131438701
-0.6425999746259126
0.4716195904125846
-1.635731757638843
0.44068811495226873
-1.1144949567708498
0.13025004620333705
0.32487821102461834
0.4732842413169912
-1.4349934642992672
-0.203383778777671
-0.17500907262412696
-0.7046623714691105
-1.1856679346380408
-1.1337097166445051
1.223616824516634
-1.595955272177853
0.9289433501667308
0.6335219516910535
-1.4627248963116688
0.9149582701126431
-0.29819014094464585
1.1034912209185799
0.23506031646383266
0.7059076285027548
0.0656822139349487
1.0100717752964583
-3.0583057445989263
0.7069616388906402
1.264939534780003
0.19572972272938824
1.4489324826072607
0.48278351581321666
-1.2241955097462986
1.1267677053127794
0.6247811833495226
-1.290173883066574
1.7737729976534184
2.3712498248845835
-0.1489648087389249
-1.476668506262254
-0.1795050614545378
-0.6642714531523433
0.2376051905506399
-0.1898369677871019
0.2446064530839922
-1.6596929508968978
-1.7108068709568025
0.9655826925414847
-0.5294491902298089
1.8671561188166377
-0.9612763378187343
-1.1290530151581324
-0.5944544138014533
0.5202132350676903
0.40416845949259445
-0.6675617975545335
-0.45412123170424995
-0.4595245990270824
-1.0547809366994672
0.3503128987606679
0.9031502891130987
-0.9458307699469581
-1.082490951792103
1.6388448413545509
-0.5564681538599078
0.3810280442191062
2.3567593944123746
-0.8526726337992684
1.6300618556067945
0.49441394307041264
1.1692584352520292
-0.19865685108972
1.4622276086082084
1.5019603993756707
0.18466978042392782
0.13841689051229425
-1.899460078351905
-2.3973301111676895
1.1011373834280473
0.37046572521004606
-0.8207226438547778
-0.968083883211666
1.212183917464004
-0.5737639395768894
0.6596171389114833
1.5700361887442336
0.06958891447879252
0.2444637969709988
-0.7179671384658732
-0.412695803629816
0.306726825913958
-0.29724113496934707
-0.5201243001056586
0.9968028813088149
0.516131149754143
-0.6304427496009997
-0.5484047787640676
-0.9318886815422717
0.8220023418078717
0.824709231343076
-0.30144378271975897
0.15040511581821
0.12698885819767297
0.28811571159164334
-1.7675941079268735
0.6144346601595687
-0.02797999634009566
-0.8290736024486993
0.7725468687602508
-0.5440000028548716
0.5580296314324342
-1.6950000637747482
-2.687042958615183
0.9063374788086377
-1.2550205050787402
0.4608151076152289
-1.1193865088621808
0.46403451828517284
-1.9906110295764885
-1.2014810925767545
1.1356506629059269
1.812826025688303
-0.558708613841891
-0.4080081978036191
0.873447225836021
0.08272639305377022
0.4396487403050434
0.2755536765067721
-0.12438700683985168
0.8228903365424372
-1.6522467430189962
0.5459842579916497
-1.5226652058705914
0.17287497960218073
-0.6985090353023446
0.11039989554658412
0.9159034957215827
2.039798636201302
0.7353300564147818
0.6545678874704446
-1.2005903127617457
1.3749938678913856
0.22430439817342027
1.1419316140781286
0.08025291172952029
1.3981507405112685
-0.01771667055015812
-0.8842112372561454
-1.2385265986197505
-0.6938305339190678
0.14554285019258553
2.597737147719104
0.3734544989537721
-0.9513728424495631
2.064949335984605
-0.7474664798238382
0.18677626887845672
2.2430190452893366
-0.10367763414410648
-0.4902434518732389
0.5679957087693042
-0.5330525690243778
1.0041573993091695
0.33745762133275475
0.8167159057164106
0.06253205813381031
-0.47131565747201337
-0.21865043774356785
-0.03209647545731506
-0.7768989245798431
-1.8729807041712105
-0.007273760073302005
0.23305103747219819
-0.8046108748036496
0.37295012805727723
1.2222540519490308
-0.26561017897714223
-0.6343530792929458
-0.28916355017079404
-0.7870907146639453
-0.40323260469828553
-1.7485653350578674
-0.19852508645493477
-1.3058964503044632
0.4099340527278566
1.8443713947021372
-0.2959086421978519
0.8126446701389882
0.8440697351693823
-0.21092733550026788
-2.4243710023181824
-2.2176596875616164
-2.820939106203585
-0.887163833508569
-0.33885324199667094
0.7548517765754438
-1.6459500967321343
0.15343780627431813
-0.8598558236327086
0.3955465194159694
2.647409077886312
1.010322952939153
0.8322580749698073
-1.1695619207784866
-1.7301338216503843
-0.4311573223392016
-0.022983439574000477
-0.7886244867508554
-1.6217944981281007
0.2649210802127726
-0.2335839405327037
-0.758811723806543
0.8564415981000938
-0.6808722850726889
0.6426194434617216
-0.3506610085623747
-0.38815271403778173
2.284965655537951
0.2293332605072651
-0.2466912039383596
-0.6365057628062267
0.8385309768803615
-1.5230028600408492
0.15527196243022032
0.8377235432969614
0.07431203318269332
1.2424896838260042
0.4893461945943063
-0.2826035627493764
-0.03175853294882155
0.6397089492479471
0.26646426043001126
-1.3910009235335985
1.7218620701521161
0.15102037026871468
-0.1228883002519844
0.04753506610798762
-0.9067423267147501
0.33795246732249024
-0.4846173423852966
-0.8504482632514017
1.095318234191291
1.6220829825183087
0.09846120464442376
0.300444966930085
0.5486170856428776
1.4845618051887866
-2.4196821887362066
-0.2688187713120973
0.7593263980137777
0.5756565508093608
0.2900205989794554
-0.046891068749192306
1.4871819182751105
0.8651550428861202
0.3269206885019682
-0.5326074831073685
1.4748746895722311
1.093226366245456
-0.45343347837779224
-0.7319562413817048
-0.6133879226047871
0.4050219054722379
0.1010204890366996
-0.13057316898852103
0.28517843382545754
0.36290222560298463
-0.47022463397762004
0.24325265899197565
0.2697710822990672
-1.338052842793704
1.5642746269767949
-2.0074912780627434
-0.547196725801622
0.19267143578774706
1.9174290933567948
-0.5927118552240773
0.5512600839826608
0.6477624074290526
-0.044279561594085415
-1.6799404581321604
0.2299103829663303
1.9220579114612106
-1.476027888033393
-0.7661432732391286
-1.5244796043183813
1.1075467736091187
-1.3607755074084353
0.2283232451314443
0.10491982759706717
-1.0331657589631593
0.5010771646489263
-1.7586738332769776
0.3617548940427482
-1.6185422604296231
0.06961050396696503
-0.3069537906085963
0.012887866991031359
1.9457050097870654
1.0735640778026867
-1.3332214314020998
-0.43763943488782786
-0.7914652923615068
-0.02285322896806885
0.2603537124713344
-0.8444746929186047
-0.12038609553734596
1.3181783044365654
2.950658189878561
-0.21461228191165344
-1.398475406809326
0.5548607564530575
0.7297344124828719
0.20729137302776543
0.8535668225240474
1.0627970811398557
-1.0684244051871237
1.42101978168793
1.8560841309329303
-2.5040522823626334
-0.7025988378849002
-0.34981773861322146
-1.0209886961692347
0.5512266010332326
-0.44939768435052707
-0.6191912104938952
-0.9883635239433196
-1.0078501800806672
0.6549570466829373
1.1284826511709833
0.6509180002678497
1.728779717320394
1.4209548514159038
1.4341966257524348
0.3716444400412674
-0.6993778777172891
-1.2668173953305275
-0.6503304372178077
0.509496028485262
-0.823284306615903
0.33530706048613257
-2.640991803165173
0.6487619063889503
-0.4674184859133996
-0.445593426568935
-0.9394970060995784
0.40132031675314334
1.1385727585005445
-0.576809768612614
0.026299157769218866
-0.39826532002993337
-0.7492192757872641
0.08709699189107592
1.609302834788679
-1.4901223984666219
-1.0906835553554237
-0.6488497286061005
1.2865884395603018
0.6234872880630228
0.46625198716220784
-0.1511909144482795
1.7251752261184963
-1.6642494369886662
-0.7867262524143981
-0.2816288072537493
-0.07047173220765501
1.1363255452027141
-0.5425774013825126
0.6018073818105899
0.49718735620976273
-1.6618088863186102
-0.1385256025308439
-1.7129543267694638
1.549358243254021
-0.2047215006925624
0.9311320496242641
-0.5983246231409528
-0.2296611156727489
-1.7653761072997485
-0.8952416727057373
-0.8341213618026698
0.18601273579402094
-0.044899274589298745
0.7322069843107141
-0.7662345624601811
-1.818646545479549
-0.9849794999480594
-0.27676837381323754
0.02166738794966563
-1.774218007778686
1.7809500604696484
0.14893345020658985
0.7423589540864968
0.2566324777898564
-1.922460408915369
-1.4081919590766603
0.2354423130768373
-0.8520060245927297
0.8240449443121441
1.4277939174949943
-0.11344322613313294
0.9565126645711232
-0.6224215894656902
0.11913419643702881
2.1048398196399813
0.684191568714921
0.618950976863475
-0.8637739545633512
-0.07636223895140114
0.0881656450450429
1.0379496378824182
-0.707448730060949
-0.04600100843250401
-1.3264312770996174
-0.4802963698317006
-0.1343562180007734
0.1688032194087404
-0.5470197582338713
1.165559631042795
-0.2298243516655639
-0.3325084822735695
-0.13402870700486977
-1.613133879164975
-0.3743878540272372
-0.6518606300979944
-0.15492475559755817
0.24942960982172885
-0.8898673607464428
0.7357299670305664
-0.20946598134233538
1.141555644965474
1.3261663999995643
0.17436934735652815
-2.2210499309760316
-0.5709427610492727
-0.7067701621728582
1.8399011403077161
-0.40182534530414443
0.4241747754525554
-1.2484359709946125
0.5656574674477683
0.892215459273176
-0.2766683273391067
-0.5773546927702412
1.2346032974720873
0.5032262940456452
0.41770923779273406
-0.6081894327621682
0.4844039115206637
1.5693922099379443
2.0643465508379233
0.08555145655764704
0.2802288490105238
-0.012410558693182198
0.08371782628673767
0.10814933746699579
0.5773525155374271
-0.44627139164040275
0.5418433682588588
1.6057931740958007
-0.35113318511894803
-1.288472680436998
-1.1203976671122156
-0.8067938053713294
-2.0489244359585266
-1.3432111919793122
0.446037051753889
-0.8810026418196664
-0.8825011170993851
0.8288498974213057
1.109928087343533
-1.4400086378840116
0.1448145747942058
1.022322103861024
-0.7138584321062089
-0.644769375610632
-0.17946144867879932
-0.906794030773355
-2.070689750471874
-0.6559572440873335
-0.0060797788512079775
2.0331754851773205
-0.17003410747853923
-0.3448641166695793
-1.61203857553178
-0.48208607032635803
1.4514523357317244
0.7219428785109536
1.429825733599114
0.24118289944467844
0.7710167903243528
-0.7799160716150968
-0.10849770333641887
-0.9392030472896757
-0.24083129873944784
-1.81455897822197
0.9337273118158896
0.5781591093142979
0.8973839957570241
0.02809243446422761
-0.6548481410141251
0.03550122248295885
-0.7607376753239332
0.2603646743875739
0.1842934596081533
-0.7622273382532
-1.2925845655391803
-1.0395369636328018
0.17766606177713123
-1.600256823645543
-0.7474442469085079
-0.2357939701751411
-1.750210991754167
1.0063031486645646
-1.0527413052087802
-1.775423771832889
2.9717816450413053
-0.8401579542498301
-1.5583261577853844
-0.7070864287900307
1.8785370823337113
0.014177961776772214
1.4039422295574504
-2.1112933526705966
-1.0211483883055135
1.3590597259199937
-0.04527665442280839
0.8420793800753424
-0.8125380579193361
0.9951519989962185
-1.4296309594149086
-0.14047690868898755
-0.9080959735585901
0.7938090719526868
-0.8649029677456065
-0.7600092768826531
0.023433358344102168
-0.7326913702593402
0.577402323828569
-0.6422898757770839
1.5686637531825829
0.9856252902097555
1.1111389027715872
0.2708571596418106
-1.9672696453488647
-0.1627132928081811
0.5081763605865404
-0.25414577615886913
-1.9260180345658529
0.6878553833746719
-1.7002245340370696
-0.9720719160629177
0.11458552990489836
0.19724621426698125
-1.989074948554139
0.37644823063996535
-0.7061857572956923
0.6720275995472831
-0.20695241623552485
0.06908844189746266
-0.9882026692004677
1.367806752790966
-0.17048106815605452
-0.4118761250754065
0.19889586577063184
0.05007392389572652
1.4322600690498921
0.8153726813768061
-0.9809031907289426
0.22891579332891107
-1.3782389945213938
0.22554713862575537
-0.2371246458052171
-0.9261946264371497
-0.9703008448182417
-0.6821504289076988
-0.5027938187831791
-0.5444727134497948
1.3715246378040835
1.4099067683883493
-1.179265186307881
-0.007364650055990557
-0.08722202282732079
-0.6173492076384532
-0.1972612358192183
0.3782693822479008
0.2910341007432846
-0.5499079039282788
-0.9486175278921971
0.6523531492391778
2.0508421724834682
-1.2094845787580963
1.3165424285205019
-0.7507636104922641
-0.41368403897178385
0.7952335265003241
0.7658449622235601
-1.97486329936122
0.29018385752694786
-1.4013450485886634
0.041768926928071805
-0.587083131138672
0.42592719116504457
-0.16102635682567704
0.41418543171396544
0.3079781422075059
-0.45358054564158046
-0.46098742422978833
2.415001326995089
-0.3171247786151386
-0.2131791082187724
-0.8413875119752299
-1.307596170229516
-0.9784161294666178
0.32996230655402975
0.49011423154773687
-1.647903181286451
-0.3068368078609518
-0.885602980126656
1.1588301867037805
-1.6936806747058868
1.4771440325755731
-0.7816416675071493
-0.9383012563395057
-0.12063126412131298
1.8603448702668666
1.0806328099506237
-0.7574048596387054
0.7899499463767145
2.2385735123953907
-0.21434133377194203
1.1405099434008115
0.8033963774922858
-0.33611162139642914
-1.3785486888488412
-1.079883009717546
-1.5458640454581383
-2.3502898039586153
-1.301321049244316
0.3988489487315273
1.5223208780357642
0.30604049455910487
0.21156342931093525
1.892362035630299
-0.22233333423452417
0.8875623828523957
1.0026110509682848
-1.6411904955671572
-0.6748282837500866
0.3696342949841079
0.6028795152966503
-0.8431001760988626
-0.261116251085102
0.5249036449407676
0.4554615501123142
-0.2823734289764174
-0.24931653945087007
0.3920446037023304
-0.5800374896511502
0.8534616614486537
-0.17316435460590793
0.5956635249057053
0.13351957197766798
0.6258192288515019
0.09718814483988081
-0.21895997039438295
0.40788843203396014
-0.6853180644419677
-0.12678454003705142
1.0120540775677531
-0.6067136230024424
1.1424009073669898
-0.29098203327957745
-0.06592794511545012
0.7928672215566586
0.19185283102953585
1.1144042402025793
0.9315385336229416
0.5927728908256855
0.8901383218560841
1.1946723663701244
-1.108169630802139
-0.6484021105313291
0.7489846984177775
-0.5375618945273749
-0.31487013488277077
-0.15331461116884304
0.20855846023543564
-0.7160062994078437
2.0331192635712125
0.8196453158029685
-1.3787684367707496
0.01562492482216055
1.1526697305934448
-0.9302145364148464
0.5424988072239029
-1.4991619441313508
1.6350414196828973
1.7139322049051198
-2.5079478884915276
-0.07754120961362343
0.029970470014592184
-0.7207820587160283
-0.4500861438645022
-0.668901153679696
-0.6493453919077674
-1.0762066116600917
0.038419677917239235
-0.3980041267030098
0.3033446671898876
0.6767238316122659
0.10897289578561918
-1.9041493894342953
2.844250642615287
2.14050523969119
-1.4668437989150898
0.9953240022279312
0.6978988715504634
0.0539268600931373
-0.3196331176065715
0.4066459057899679
-0.0984793480632199
-0.6969578464131966
0.8844697409508824
-1.9289692274109096
0.4139859105828414
0.2563190524626293
0.45594675404791984
-1.158100650905829
-0.36571327385273866
-0.19800394086932588
0.3395693828277889
1.3413074823536133
-0.9427518583594574
-1.4184433584636804
-0.42672344811153934
2.35179362800757
0.48106274354699075
-0.5552952098883769
0.492606622216779
1.555057473006433
-0.4108339773668884
1.303191407761205
1.0459541347157018
-1.0587239215819908
-1.8937519856405634
0.43903829611742856
0.07429132864925471
-2.3328988670053996
-0.012325605554384852
0.22001270070779447
1.0826481781953234
0.8496305278555067
0.8892846740825331
-0.6639405787383784
-0.755758187143776
0.4179047171517906
-0.18205655377865373
-0.2710469105275009
0.3804329539575484
-0.035737811233337184
-1.6119225041016385
-0.7029465024658086
-1.11466282683032
0.15890271173393664
-0.3320619244473266
-1.318234601891635
1.1498798858909018
1.6220432169927743
-1.411377417266762
2.170053393009976
0.1660105048057352
1.0348011623160882
-1.391130845134076
0.7716341059716951
0.8079824825954622
0.6802954433587634
-0.17059996831841764
-0.17810609086682133
0.783842715735977
-1.7003990089617846
0.31137374544004354
0.47695220298565383
-2.1359317924893433
0.4786274431126516
-1.0819007840375041
2.371884117955532
1.7957969667585487
0.44683198290729437
2.0585608854936828
-1.7676718857663907
0.07085224175948851
0.958672535284772
-0.5204936131221923
1.7266251758567477
0.6174952492508121
-0.9076322759000269
0.053653892810416194
-0.6227403049982815
-0.305675748882295
-0.5810349829051659
0.5409110836204556
0.5596729625419625
0.8463198197147302
-1.1527206126826397
0.768558801545039
0.718259594375117
-0.09036030403935236
0.4995441185648313
-0.4524355239092575
-0.9534314827206763
0.1150636876254308
-2.3988812026133055
-1.4320761213995123
0.05693738364824959
0.2924746022402782
-0.8669503589114144
1.4304948489221612
-0.7669773052979288
0.05837048797947283
1.3751717042324814
-0.6076153708656861
2.6045585861241536
0.498322759095828
0.9331950920669164
-0.896694941025246
0.6794651908898285
1.568541813297047
0.5309806683802659
0.1808582474858522
-0.43458671468509674
1.9713089554138552
0.8597709995461099
1.4578126950277928
-1.236265140399846
0.6510453033339878
0.8490888351798825
-0.8200081797393263
-1.957964442018159
-2.5434712457740525
-1.1886723966444723
0.5035361078798688
-0.19854538563292415
-0.8917599746237698
0.49990170293134667
1.6359449560252284
-0.30334891765946237
-1.8222427314719993
-0.20959421388916727
0.7444072580873252
0.6729067365867903
-1.3781641314713813
-0.4573468820796586
1.1999570022407036
-0.5566189782102496
-1.2594834600620308
-0.9240083654139741
1.8607661738523815
-1.5454813434439985
-1.1435108652175796
-0.5260489136579556
-0.6769534143912408
0.15322630620081584
1.0896290636056876
-1.1024261693022068
1.4919666196706332
-0.6167052046101462
-0.018215035035618183
1.3592600469207974
0.6212489147964735
1.190481817350242
0.6559095670649153
0.725755831047683
-0.13399157485999988
-0.02780215687586578
0.05178056260111639
0.2078286976397324
0.4699832139657514
-0.21688531304592262
0.795894047348589
-1.099478221672646
0.14415986142606468
-1.328134428324518
2.5979782075185405
0.22381978078679213
-0.3060180156851894
-0.407622618996349
-0.9453565732904923
-1.4762698520051216
1.91202901190957
-0.8017147469949419
-0.4896638703097037
0.11628239504198094
-0.594876116988357
1.4821249952846278
-1.8314159545622204
0.38500024955057216
0.6743061525301303
-0.7677262267072472
1.571936814721254
0.6559399976702525
-0.10492460781616654
1.1084842394091812
-1.1601484660577908
-0.16055295013138526
-1.138763536856786
0.12294914370176205
1.5332393547822756
-1.5224509290005863
-0.3091416631762319
-0.9324529651894519
0.131134733722751
0.19678715266421937
1.372542851475571
0.14342405536733913
-1.809407692270087
0.48412626342795095
-2.1701106596512107
-0.9604737524756938
1.6361097395525026
-0.4928588291602937
0.7622141016889097
1.0501971151131895
-0.20755703420978566
0.4667890520509652
-0.35397140423839085
-0.2517854931950541
0.13251505211247985
1.21349395737708
-1.49285085283621
-2.9395255250173156
-0.2280687132568048
-0.23849536134420887
1.0369554352135786
-0.6341428227736462
0.9689875240061967
-0.23038762392291937
-1.8983061508331474
1.2504129078594042
0.6756165878061797
-0.2904058594970326
-0.08590508712837151
0.599021427231487
0.282931181374531
-2.849767704989572
0.682007068824893
-0.7732486882857821
-0.6820919855179867
0.9653730790662719
-0.2970153101614126
0.8397909176399334
1.1347467144974297
-0.7962833348884601
0.012000464357994928
1.5229770300185081
-0.8282503632312889
0.3481152481666434
0.8298687624910372
1.4090651960102836
0.23278624138752257
-2.5032262991870033
-0.08892933808178768
-0.48385261741920704
1.3275108420707025
0.7892016872025123
1.557658956715718
-3.624300357185636
-0.6542986444980781
-2.923315953271889
-1.239292987612857
0.8205600576178278
1.1887544587679721
0.37105984513560925
1.8425031964143785
-0.9754409526060853
-1.1144047919576587
-2.2021777227260246
0.22184626278982
-0.2702708889205256
-1.0751341240936811
0.3373870029514719
-0.2868602380235174
1.2784711671759155
0.5101271600300192
-0.2529621348809479
0.36643004762688375
0.4247157118291939
-0.07543073393032544
-0.02789874595093475
0.8024068627982655
-1.8960149235973403
0.3661312540359396
-0.7355576306635769
0.47035722097019855
-0.15244898864341563
1.2244790823976393
-1.6593361136676223
-0.3952535196691878
0.6902704812575264
1.1827455659837118
1.3207717875736966
-0.5348062434279265
0.9353414038091101
0.6586130528241406
1.4674160588140617
-1.0689258277703457
-0.01585620861879448
-0.7848601533121706
0.3084211401624583
-0.5959822377191182
1.911725123917858
0.04604068846983713
1.1011425776401451
0.048656665693966844
1.2410372077248029
-0.03214687701880592
0.5294157785384174
-0.43999455044965563
-0.4200237987134272
1.081517038948244
0.08072702378584516
-0.9640517830011788
-1.0325695797482703
-0.7244662904701313
2.8785233680139948
-0.31442874539430965
2.517838898165935
0.45796059332432226
-0.21801059476369355
-0.5923542059234036
-0.12980361509238333
-0.3187098807905822
-0.5665627855079653
-1.244283538663704
0.0618141805084895
2.4690090925501513
-2.9575152248591285
0.16034862049228207
-1.6511796121223128
1.1176047806910292
1.721674264741824
-1.0798626971228056
-2.4450083849867688
1.0730044526558686
1.0094665538347225
1.22496598859658
0.04750353996859501
0.3824657665515481
-0.47162436856299594
-1.3405051804613055
1.2053770646040034
-0.6183692245866732
2.5646822202265915
0.9064523819724767
-0.27553964326600655
0.5120661986631136
0.6394506709738941
0.7703322783678855
-0.7469462524891444
-0.7606618593966765
0.3681854796203191
0.197283853448878
1.253416084748194
-0.00010373770377061749
0.840286009441451
0.8293915990673779
-0.8271279068835736
-1.2678818724822012
-1.8815170100226166
-0.24740810154024598
0.13302810033686305
0.871240764330563
1.043642367048421
1.5461417818899008
-1.182966421767635
0.4212673463867853
0.7017176054627037
-2.0086692607622934
0.10376803890013965
0.8389816798757131
1.9786852843873708
-0.45312684637742695
-0.5467505669762566
1.693845060654289
1.503946329663535
-1.5773399548386808
0.19223816980200728
-0.42832450576077963
-1.018511880817148
0.8187434571555499
-0.40280799315705623
-1.187637091432896
0.19484511718223665
0.11908646389579396
-1.1344634262529019
-1.9276751629244961
1.650565272519165
0.4155784566860549
0.2661106934845129
0.29125113533745367
-0.6691498846129686
0.6653019489558833
-1.4191767118076155
1.4918265588434656
-1.13794316033483
0.9425218929853909
-1.048869875331802
0.04602566517452274
-1.5673512532397316
0.6760327928651411
1.3947210374417809
0.4060188660008956
-1.856244411427166
-0.3770568585402508
0.7729207842550044
-0.03125787728493729
0.9443058032090028
-1.1506464209864766
1.1194809062281827
-0.09206194082935332
0.2009391954997462
-0.5911292054757435
0.07258352696160074
0.27520954430121275
-1.1655393310097515
0.1692139736755577
-2.0892352955780282
-0.4968194871500743
1.028771212400664
-0.35494500736439233
-0.340806262296525
0.18088559081643799
0.9651953853818491
0.44847916025832
-0.0616988958998896
-1.037945991695908
-0.06497972637123178
0.07914977643818782
0.11106952639802152
2.0006994967489495
-0.15896822787943252
-0.46135011122607683
0.018182921842306715
1.4657940153133653
-1.1764370748127781
0.2822527305296869
0.28152430579437465
0.2898497540099086
-0.34911180140950654
-0.2231552274478729
0.18105051985465562
-0.26101994624278185
-0.30580665041229105
-0.4059599171662963
0.48355155700855684
-2.4720421003914224
-0.01383972592625577
-0.2539476266919662
2.102836376673689
-0.3302333780241631
0.7925321111888383
0.5000508491668283
0.10329737784788624
-1.390311386384828
-0.975622017498957
-1.8728838196909452
-0.8431582441653119
0.28749460882368044
-0.42694988250563276
1.0610956413152404
-0.13822271668702138
-1.7978955969539576
-1.1271166426360775
-1.2195433252105439
1.052744995947165
0.34073600804560383
0.3760813670023019
1.3466735933969
-1.8357262689287108
0.39237315055275335
1.0558136906320286
-0.6343078066360678
-0.5094938545427318
-2.2171968044219796
0.19168734787848127
-0.06746825727200348
1.2789928385289633
-0.8598851206317639
-0.3200727603662443
2.093867216288171
-1.148464753580654
-0.045561303585408414
-1.0866714688427561
1.2181841212937334
-1.3571175050444053
0.40671452441892253
-0.5091221590261359
0.8986648193245452
-1.5625578102562203
0.299270469818064
-0.2051855876114284
0.9220754943337897
0.1239314755743889
0.484899261901329
-1.657051449560162
1.9464202335750138
0.8639927953008955
0.5234623739403661
-0.3900377830520191
-0.8192928524023873
1.213944421458017
0.05517367919389722
-0.4024723079678399
-0.705309756470473
0.7451446011999575
-0.28352802233441254
-0.38418709367002385
0.07168379879702166
-0.45138476983253484
-0.806437621494196
0.3250872354929873
-0.16542471829613584
1.2845334081343578
-0.11065547135325748
-0.8426845127061893
0.09595750768362805
0.08073758672795947
1.790777195420607
-1.4552135233814307
-0.9213333192352933
0.21217116871967598
0.43446315513719574
0.16656120787101403
1.3170935043050598
-0.3855648888589777
0.4664925507854892
-1.0033299250795402
0.06581595654941907
0.02596525938630839
-0.19866257980735522
-0.3994744307458963
0.9700504585197016
0.44482373615949067
-0.4522051308877751
0.5300716270765496
-0.7355712091085543
1.365114059937816
0.0554326807692277
0.14363594020267953
1.7921405634683265
-1.542647615225958
0.9298738641514984
-0.6056136143883616
-0.4797122143656813
1.2392076335615025
1.1222106253079203
-0.1867917228415897
0.9602528111441369
-1.4124152304213466
1.0639450371062027
0.7257227109978132
0.3027573008879249
0.8968678893922374
0.26100954481212146
0.31574172202649337
-2.5942868497172022
1.1083747557052417
1.0682333013217575
0.09017392554231399
-0.058483577869512894
0.21117980921126245
0.7397382094241118
-0.6431085459164555
0.33277247054119086
0.658630601870231
1.3914076294749274
-1.4573884071617482
0.834964377406828
-1.1219147858008138
0.9508783559192695
0.02884160749997077
-1.100415471338571
-0.7125940081711905
0.42907753909978663
1.1449758558626553
1.6077723250366998
-0.03620800973914295
-0.34224767387423477
0.00405801311317118
-0.14695449581532977
-1.2103000214885888
-0.9476708585935111
3.1264612656645165
-0.45001422444627465
1.0727171034385705
-0.38905665128147415
0.38979359885001214
-1.71305094107795
-0.8628858982368907
0.4989246558637984
0.25545105116440714
0.4507298382513316
0.4056115747907267
0.08549870660000726
-2.4259422895176304
0.3033924791632761
1.0908370591176129
1.3839859542271764
0.7583647577979756
0.14549652298767407
0.10402815663878072
1.4781289427560211
-0.22703310523169284
0.5395717244173296
0.45180061577963065
-0.5979992560337184
0.2421084077911403
1.2496927046417927
0.6507511825382692
0.13690592354187625
-1.5074395609797238
1.3256734057847628
0.5905249123336773
0.10046036764253234
-0.8010134648018928
-1.008952350974053
-0.9721166535501192
0.2791666416516519
-0.6721964974350345
1.5407930716119387
2.8994960876251086
0.5192519074539216
-2.6862087366424947
0.8920493638079345
-0.48707954747698873
-0.5822243694231504
-1.3751778895200422
-0.6341447869766169
2.2961793978291984
0.5089961047693454
0.005016054538587898
-1.0025181895092032
-1.4364605801738481
-1.0115128347518727
0.4259162298048227
0.3404790838821768
-0.08013652777198053
1.01790335311548
-0.5418683910854456
0.38799154030911975
-0.6783106022745707
-0.2705418241334078
0.18287425408694824
0.530190579216441
0.2707851497952346
-1.4323039217279143
-0.3123010777775845
0.27183688216516216
-0.7891761738940051
1.77335025346415
-0.8590651724099813
-0.9160025338268101
2.1016987030965937
-1.8487715643978448
0.5110026203585941
-0.5569547102524072
-0.6847983304542099
-0.5835269185284341
0.589834588180997
-1.2322851336748368
1.3232174080294175
-1.9979777180059106
-1.3277181394634792
-0.6565928031389715
-1.9420994631751323
-1.4633076853610407
-1.3053080920680062
1.0842334774168998
0.6718798685619822
-0.03279794124976355
-1.1297444205064815
1.2054371004879942
-0.4342835223645722
-0.4847694754947343
1.5087078148672808
0.1524403904044525
0.9935432087655438
1.2631403033431503
0.4390786262523183
-0.6170985181223794
1.056866293628945
0.9144196054905519
0.8239906688063816
-0.9855334039744007
2.106239933586633
-1.9891808415495114
-0.14370418444218747
0.09462475927409193
0.6556705576388332
-0.3490700594519444
-1.3505872393970473
-0.7170136139525246
1.2044961850026854
2.1559786754091945
-0.7634910210967896
-0.4939873984328038
0.22810083386371893
-1.3694732765673612
1.314967861935396
0.290744638279737
0.6833251531312452
0.5426560036259576
0.35452781433209074
0.4251733181666221
-0.6294443549510514
-2.041145068436367
-1.1245255122603621
0.7649067484288724
0.8373829441294169
-0.6064664776678458
0.6429489073264271
-0.09974197115020102
-1.7034405346460706
-0.4024042360655907
1.0087171297749529
2.3531302072244773
0.8225536074499878
0.9080786428858287
0.11662098517372886
1.0845739925017153
0.04528729388956284
1.9017354521291758
0.6271867227005472
1.120985041328406
0.36502653060790274
-0.7053030736991149
-0.540747753576796
1.7492283427524187
-0.1775612117461003
1.4676923930947563
-1.7036632755586347
-1.4736713128736076
-0.06662750847331639
-0.27891448567084703
0.3201635770577812
-0.6244158543044331
0.39148862807454277
0.3711304818919811
1.5277550061306437
0.6851386872398606
1.241146878424657
-0.04370434748768374
0.03500316645245541
