-0.20345150430285405
1.9841812816487812
-2.331865616107347
1.4720192065737931
-1.6724223399100817
0.97508532996656
-0.41484436041151246
0.358851908932894
-0.5639541752410255
-0.9371574092632122
0.9615685269352255
-0.19276582713714951
0.05107087066256973
-0.26444853658673245
0.6894469887612352
0.04644243445454775
-0.8427424246141618
-1.1020792028384572
0.7056262341525384
-1.053650459837128
-1.6171579229701383
0.06629096658935874
1.109572366854678
-0.2696897636301422
-1.2754517131769012
-0.2731125892935117
1.6829242946579897
-0.6757139538655096
-0.19184338758439046
1.0256955987445955
0.625633010485363
0.1454972010821213
0.3910134206439004
0.6192883501190221
-1.1841175660851953
-0.8512243763002605
0.5138428248229197
0.9068698847846922
-1.1123958964484708
-0.9380553254392385
-0.25031573755152475
1.0963708187043655
-0.858919090933806
0.8330815322345833
-1.013981980616822
2.32030506253673
0.18738264497614268
-0.6813717293340227
0.8663575401136338
0.5268995375224061
0.05358109353231012
0.04790413883298475
-1.6116828178173728
-0.0177580230896642
-0.3985764379477613
0.17618340619993564
0.3951108749344685
1.7656754510755248
-0.07713193545413738
0.004107102422568384
1.7133291401514523
-0.8611824753686581
-1.5196616427478198
-0.9515720933297446
-1.8433446947178351
1.6325287546179421
-0.7513219579847015
-0.7583956953247343
-1.1218809545354242
-0.8363032519512292
0.103330191999473
0.9707083371138655
-0.1656862624698179
1.027944435637765
-0.27635959795731474
-0.7017073906520813
-0.25304370291312317
0.1149574578260819
-2.018201941907095
-0.6627190861066079
0.4706565954387977
-0.635264183640891
0.12068346159776155
-0.17504275940496436
0.07869255854530605
-0.47485474392833604
1.80686301970901
-0.9454430623077091
0.18158869867669566
1.0435636371265704
0.5000599051189154
0.6510266057544932
-0.4876130670639696
0.8730904771578122
0.7458279915049402
0.09176608699156888
0.48331588451763285
-0.5127930209546999
0.21453633565751015
-0.2601177133424251
-1.43477498812119
-0.390687194665805
-0.9763984382201769
-0.05782906012239977
0.8589213973544243
-1.8646170444972008
0.10244694792874856
0.04148405396836975
-1.591820028625868
-0.15194423009953856
0.38664153897096787
-0.9589923636836472
1.0097285651948216
0.23466132963254063
-0.0003281061541503003
-1.5190841271617699
-2.159072551807387
-1.0312651255493512
0.8164829251270624
0.5220516009629171
-2.1423075357763097
-0.7182392443083807
-1.383403405663791
0.022396384325956486
-1.782963540026125
-0.5280391012874777
-1.5952002126989335
0.24729313255840163
0.5918613339110889
0.001313142573519857
-1.3694011549638079
-0.05360386611365413
1.3495602261367758
-0.053481714389646474
-0.48896610482381897
-0.6007663858208225
-1.0700995854256812
-0.4444839607554905
0.4601822227667741
0.8222792695317251
-1.1988592469331485
2.5534603998346124
-0.8978777978064673
-0.04187455030722422
-0.47708027318637214
-0.41890056880298826
0.026279941141021283
1.2068129552477325
-0.8228957298535672
-0.6162860322247542
0.060967505100996085
-0.3730657641617921
-0.6325946582795544
-0.7261193452834088
-1.8994307979456397
0.6498401556613097
0.08363628251728035
-0.7325334068033823
0.600070892220323
-1.2998721103202133
-0.9081293022866145
0.31184484223985
-0.9589879540673446
1.2955291585075548
-1.3176828439034474
-1.2703994947960817
0.7904630693603049
-0.8643134412343811
0.07889986924826356
-0.5365411441158814
-0.5634892035315877
-1.692129540951045
0.35783777684483514
0.7970375284351152
1.0128531862602883
-1.784552415505471
-0.33322650058774683
-0.4456589945643852
-0.9274577135037352
1.0676897342930043
-0.25031271147345746
-0.1298673171053931
-0.4100105841600411
2.42402905239215
1.3904584899351327
1.3431888136744108
-0.1680242944310438
-0.3875826107353554
1.0958420106682747
-0.4748953912251138
-0.9538326577203373
1.1557623812254891
0.4467879132104696
-1.4423958660169145
0.7838388847048903
0.3070208485950258
0.2509746324449452
-0.48161189371136354
-0.06637972390976417
0.6002302755645215
-0.3273535462769319
-0.8309475275498603
0.31653860421698515
0.190920426824847
-0.4894385741568183
0.7105476255847034
-1.24189171265409
0.6235973166354902
-1.2506109004151753
0.57041759182026
-0.27117681345950845
-1.4689714412942652
0.4239644318275214
1.014870398941959
-0.39376329988001874
0.38418909484631164
-1.1754833141107102
0.28069031811209105
-1.1372636047032636
1.284140932127027
-1.6140604410569552
0.6304247170165771
-0.5180176919216687
0.22280135203608173
0.2657605220094804
-0.09038991237959068
-0.875294692709136
0.5451961985635436
-0.15330763030541197
-0.34255314304219886
-0.39914216348062964
-0.16130642924814825
-0.08904171003234569
-0.5181089553659695
-0.9120365940610156
-0.23615997266597963
0.8776220168549761
1.1822237962811406
-1.7742746712684847
-0.2777834319782293
0.04161230200802346
-0.17291356868704705
0.27992976480373066
1.3853285273940195
-0.19979642255448943
-0.5040273938135472
-0.9750524957481007
-0.08438207305314085
0.589658948337655
-1.3459007575080586
-0.22790373045432163
0.1474350673490332
0.4852394932147316
-0.17689690322760254
-0.6026941349486807
-0.175546187769173
-0.19984654120009304
-0.7840092470400998
-0.6207580302823771
1.1518024121932224
-2.0895120701246546
0.20371264789050567
1.3371086130684702
-0.7910411642513592
1.8267066822846068
0.9745015731982317
-1.759882290287168
1.5919392131588601
-0.18274137689946432
0.10964139578402149
0.5012304493787826
-1.435482241299359
1.133360374564745
1.0690590320739135
-0.25653218622012525
0.5999104493213699
0.018945522380523112
0.4541020080936699
-0.352002432199942
-1.0881891312808294
-0.2125885175846382
0.6339546412612627
-0.1442349877276811
0.07434854924451638
-0.5987648741261907
-0.46834973677538366
0.5407428756326054
0.5254116832003709
-0.17326854109177417
0.3062952829451237
1.4898799516751746
0.6573594634976937
0.33915624603811884
-1.373423250280511
0.8258962986170573
-0.6956686329984358
0.03176496634538994
2.0383594587069056
0.7422098461180626
-0.8117720630261491
-1.0873489908572251
-1.6902307143565596
-0.10091132543889299
-0.511767877501102
-1.46329385586058
-1.4668364374328993
-0.9034086745217347
-0.8630881869432897
1.2271659184017563
0.13008750313338147
0.17328498321513836
-0.18662426574969868
-0.26463257219374164
0.5849289719719668
0.36393855672847664
0.05326352232999245
-0.480189238298159
0.01428192984193762
0.8518063631442876
-1.1122254184654636
-0.9136110955984241
-1.5037200470234802
0.6181678031668087
-1.498710602922747
0.0842971665083378
-0.4195633083342857
-0.6371670030056816
1.3624141470708577
-2.0026421267764056
0.1428576573879726
-0.4296450299679057
0.7956043357538451
1.0888904750890391
2.136093066406562
-0.42691931524026033
-0.6769929149143291
-1.0927979912093457
0.22595557877656353
-0.9441005429348864
-0.05202675296823274
-2.434837475927797
1.266976967669922
-0.6033404303234359
0.7863983098584828
0.9557893572935806
0.8236432049474277
0.2455130651433357
1.7981689376999843
0.043442224305768266
-0.8222270942214512
0.02214730646375502
2.650746118766347
0.312494181192985
-0.0069964760858936765
0.05920595317047
2.1236457825065203
0.2167657697710867
-0.12689224719089073
-0.6882552763923747
0.30132464485165567
-0.6876005269484371
0.7690393770638589
0.3884359014836182
0.40243082546556724
-0.44595058382865943
-0.30479978572249367
-1.5385874334167575
0.4929596691778154
0.6062636816741722
-0.3646539720576891
-0.7972307877054845
0.8477030017650583
-0.8743876056854024
-0.902938409835864
0.1731531963055866
0.09745741724793153
2.062214028980424
0.3829916618377568
-0.12708617632969993
-1.1345665770688593
0.07788936695094799
-0.5549097935910159
-2.285590661737411
1.279024642018991
0.09327378240118966
1.985593906639346
-0.27424301519918437
0.4761894411903821
-1.151838255471576
-0.28895932677760433
-0.7937477996606837
-1.5177696365365334
-0.6012542731486804
-0.6841422694539622
-0.8574308516120974
-0.6146500192651854
-0.34619423616368245
-0.37950841661493423
-1.0141141582550444
-0.4098677361175321
-1.3264824030144882
0.7477821831484198
0.22308010778635254
0.620583772003512
0.727544639333981
1.5556969088558767
0.5564739099026978
0.18585052858526158
-1.2789006863406127
-0.06206666266450316
-0.40784135983996245
-0.7312220531704423
-0.051377738642881685
-0.3830092347827794
-0.5909401649266495
1.009258000257108
0.03841193451308375
0.5489545815094213
-0.7109434735343748
-0.3380801276059389
-0.9543370404549436
-2.0158570177982282
1.0821511848291883
-0.18461601106534892
0.1442460726217804
-0.2758337552719547
-0.977994931241174
2.1450780754138714
0.40545460245096976
-0.894120213961984
-0.3512711839642915
-0.5212442206446607
0.6207660288989099
-1.0516387461598014
-1.5256076387916668
0.12926422727387712
-0.8963563484921084
-0.5834802630759794
2.3093504359077777
-0.44058027085292994
-0.08766372551006425
0.233982059854912
-0.2099160578336213
1.9035256083885426
0.14102656304287495
0.03797628384297579
0.5577565276390601
-1.0929933191197372
0.952109859012463
-0.748547260436
-0.817890456068989
1.5229407225406744
0.9902014174966086
-0.7667557951898362
-0.8984042972237866
1.7256539177430057
-0.6694425344810775
-0.7541044081022295
2.218514981331047
0.42955504256870164
1.9489573993206915
-0.8371955650285168
-1.8951998980585165
-1.3997453513559261
-0.10251846087862578
-0.9571070161858217
-1.0543284873071224
0.272195598621024
1.0494457563389232
0.29161237419654656
-1.8277997478154178
1.9245602823055172
0.03540018392672542
-2.961955031677799
-0.4678197888060126
1.1767409945992813
-1.5957081902278367
-0.31473032611803425
-0.4877998521759244
-0.7495683690533944
-1.805232298008509
0.05284877624547324
-1.2441146756777859
1.8785087335116808
0.07769931269544977
-0.15646272929428534
1.0317884468854976
-0.3417280721209404
1.424717785699917
0.7932805408308242
-0.49143723860287086
-0.0409766515099808
-1.1764656723332931
0.4654081162001727
-1.2185005402571845
-0.6618714678875035
-1.1263842485818811
-2.739351663481236
0.7888132396790278
0.5980576486182783
0.10136460134820477
0.1336254355136032
-0.010860311954211459
-0.5444894175490586
-0.5574239260785676
0.8804378373400944
-1.256641579040558
-1.1993976006071452
-0.30380572688497964
0.5359025431106018
0.041542333128103424
0.6314690902903571
1.9957168001713421
-0.7743874358186544
0.44678399200720154
-1.0340831213699653
0.5807937234651465
0.4251308656664539
-1.6148176125573275
-0.17484944708201577
0.6627619103760884
1.3419189506260594
0.5297756528392572
0.0552976749422564
0.0715372985562627
0.9683935084917161
-0.5020817377145391
-1.4864214280792716
0.15232164346099428
-0.49032747217899303
-0.3822040718594807
0.2706614510352298
1.1167450940448163
-0.9580546258217039
-1.254995741902881
0.6901025229201011
0.8831850670400436
0.9939661643581859
0.6279823430421223
-2.1716644870982633
-1.538835762714271
0.15609674619947084
0.5414637002284565
-0.2779885785699697
-0.6296682814898477
-2.8650453454592357
0.17076954753680382
1.474514983477279
-0.20125600417168396
-0.5269265256246297
-1.2033783279552506
-0.0019347781750734057
-1.1716879969899643
0.28259627475107923
1.1340250433215306
0.3700151900438423
0.2074950952510353
1.3703671961270891
-0.03219587577348248
0.550724712399954
1.9063165996663956
0.12045512534966833
2.5404338517062537
-0.021942579595534126
1.1494501124135836
0.8689277430751673
-0.8811203428152832
2.0888357674513442
-0.963678813878871
-0.3108198177729253
-1.27229179271615
-1.8639000783663882
0.4929914187483562
-1.9095523701262462
-1.0261983761774112
1.16903353421984
-1.7358653167944627
-0.05645778623830722
-1.0638848770437954
-0.9740705390751184
-0.561629223631748
2.0985616382165806
-0.7015459575218976
-1.0152703047003857
-1.3443707141823746
-1.1349141498146893
0.6192872114387499
0.5066148393285643
0.5960321997252256
0.20755854830517742
0.3604978440695611
0.6857437583729659
0.6641628895385716
1.96366446516353
0.6498618046877844
-1.6260358405159596
-0.15689705528586967
-0.04566870908205534
1.1981047875022297
2.95102570587687
0.9613608063932817
-1.854628798331032
-0.2350533022090864
0.23886699795586544
2.2611426445977694
-0.24890707402834117
-0.6067164205150541
-0.69474317832219
-0.4738149375805083
-1.058181711480851
0.873442248331102
-0.038733885658669115
0.6275067686014789
1.4624500750661011
-0.27458501726186185
0.4672284489993518
-0.2917185985263827
1.9210112222720277
0.18591521982591652
-1.5656957313613828
-0.8622020086979428
0.021307366099181452
0.3881347892127686
-0.597568803155307
-0.9765413017927556
-0.27258371569930395
-2.3899774534407494
-0.3157970799309634
0.9451979991903676
1.2532944405755921
0.10274341978250863
-0.34389540606140145
-1.2887109451413452
-1.3500217325171366
-0.8786483051267266
0.6150754507948317
-0.04633115228358826
0.46780520770645795
-0.751612265881387
0.7478460586683523
0.9091734960843617
0.37709921062268215
0.7548190999248293
-0.8346550629473777
-0.7594344891046398
0.10357348590174165
0.02387119160735949
1.4267235656857518
-0.5585142760667591
0.8283977891293722
-0.40306912178027626
-0.5599101817799025
-0.8925638444317022
-0.1332955776343438
-0.7427300280320207
0.4503528803693133
0.8234088575225278
0.45451846348656233
0.257947367993391
2.030248743087341
-0.5329643875492082
0.37394870223724225
0.155778251038175
-1.4439237177215982
1.247274452279209
-0.058638019681292994
-1.650694151160915
-1.54790308632981
0.26537877464431814
-0.15058825255046782
0.601208418304494
-0.716985065459917
-1.0450745599110645
-0.7305587672534876
0.38495877012033947
0.36449863807298366
0.6994779312076362
-0.40775060124492046
0.0039061569278822984
0.6763422639805163
-1.8670236059337768
0.26639045720663634
0.2674570092508882
-0.37670906351312955
1.7271383693853994
-0.7907545688084018
0.37615311233113885
-0.5626569796023834
0.25315202689408195
0.12387758734256556
0.2569017855552961
-1.4217647701596245
-0.4754406481676542
-0.5151053717891028
0.6588072437620978
1.576845878724032
-0.20358320010455808
-1.0586578228902368
2.6542760928370046
2.2530943865813806
0.3222162406456824
0.7360032190025214
-0.5220586607291416
0.649051764265119
0.11845142838825372
-1.199888434459033
0.8121713496476554
-0.20237274326057555
-0.8662123358848139
-1.844301753942885
-0.6632916283065752
0.8096577913952996
-0.8313007310843457
-0.5837356905866972
1.3655204412371187
0.9683816119393355
-1.627209179353602
-0.3081152477272439
0.2580302997761384
0.12940041692563353
0.6535842435027562
1.2196298926707572
-0.23607203491424775
1.0899477017657122
-0.9313258991811763
0.327283515589332
-0.5956238414877412
-1.1344824815633734
1.2192759667050468
-0.4148968155973474
-0.5803351095581182
0.5455407129262642
-1.2896217442098667
0.9664569755009395
-0.5841155372910737
-0.6447268349105812
2.082312746523607
-1.0002839115160755
-0.25151454982296834
-0.23988132148540792
-0.5059059769819042
1.812629041231688
0.871394637452246
0.37974765726140025
0.48903812454925016
-0.6936547126175227
1.2071721999346303
1.4207795040415672
0.3501722160127935
1.6286621342596348
-0.046231650337249894
-0.12050474100159587
0.5215750925349198
0.21039254928533446
-0.8315196652337193
-0.35147905401662566
0.6598470294384355
-0.6337744276011796
1.2587738847676941
0.3824336113483644
0.032395835011295004
-1.8714643675250122
-0.38260533469237656
0.4102660466008973
-1.2095476193535113
-0.8341942166971046
0.9988445229899456
1.3747414438109953
0.0798419884792289
0.6607044045028128
-0.6177374694786141
0.09185788889918389
-0.0974088658417277
1.428686738550744
0.017732829571520312
0.7882837704605544
0.261907050996057
0.39306386822664835
-1.7390592681806236
-0.17250980051630832
0.6817641503807639
-0.22797597725541366
-0.07598587889342387
0.18750110518494553
0.852498163373471
-0.15208170175012045
0.34311453078767556
1.115909509703528
2.0091332267971596
1.196761163188603
1.0479228139358394
1.2851359605529424
0.4189599413057053
0.621584781996953
0.028998773346339053
0.8672263064564991
-2.3926769322725265
0.051638705751606694
0.9159353205898065
0.10188149444009202
-0.7374578399133956
-1.2465107816480763
-0.9389836587638998
-1.4728219775406195
-0.530932906987918
1.2531210631236904
1.449964590437999
1.0925969184548268
0.5646775543413404
-1.9761700305117225
1.1359259204103878
-0.06826781503287432
0.7165260635240647
0.18344531064303546
0.28876528441689436
-1.446154908842086
