-1.1077468674055906
-0.7667763213457723
-0.304891954855557
1.409775404117405
0.4027487922204675
0.1281508799227777
0.4522660021333902
1.0840857673656203
1.245092021328126
-0.38417810432091515
-0.5708395225700237
0.9963356139449594
0.24166068166351476
-1.0655513976110769
0.38801313536042936
-0.2504020027895563
0.5438031855752752
0.06050268264783839
-0.25046910889639135
-0.21489081008893832
-0.3449967542012182
-0.839929343089816
-0.7750549136444788
-0.7525998186656299
-0.9064108136854603
-2.339859403127969
-1.162550717468776
-1.2191838181213153
0.9399188965674151
-0.09917599459158216
0.11219476044976806
-0.734071829436956
0.7387368818094491
0.6333974884564318
-0.7721799191830719
0.213732259849118
-0.1312421081022543
0.05904528411081851
-0.622850899437626
-0.6056371026508868
0.6140956880469856
-1.0570722399928036
0.49230258265692955
1.1665738377947126
0.0846625726393908
-0.042428558041836914
-0.5046876723796563
-0.04501663963872491
2.5543584249116127
-0.8039527050976335
1.2474050361890419
0.5558154985444256
0.0963185297848192
-0.49655285798502735
1.8847079352907283
-0.5189741280447459
-0.0594178347939182
0.4589215289101444
1.2689793863175807
0.8350487455936976
0.957002473074082
-1.4143098787362625
0.23652703912520479
0.02788006078804885
1.818680693707039
0.10353987152694819
-0.730256532526097
0.010942976512009818
1.9047710457360192
-1.553390662838433
-0.26467119225604385
-0.09081885779565722
-0.01407691527272677
0.7323354949823118
-1.1672304070723016
-0.05187737542139192
-0.33393695478407415
0.11184551544404775
0.7273324062351867
-1.404993653354719
0.2251144791383483
-0.3872987998972262
-0.023104314322819147
-0.8912832725983268
1.0185154521150162
-0.16367773161246238
0.24346628213320598
-1.8745189537806717
0.7018110907951789
-1.0011850780885883
0.7679407634686968
-0.07744020407326765
-0.7818802064671065
1.0167685580648382
0.49888335903989095
-0.8190898557308354
-1.0870940574896377
0.2631619476340252
-0.5356443011451352
-1.5807193402845836
-1.1085310348617936
0.19599647858147312
-1.059519504862926
-1.4115325142819377
0.45162851293471595
1.3894619920101248
1.357382183363482
-1.8717692336324234
0.4788367812748624
-0.8152208382949337
0.08615511348070788
0.9134006739901419
0.1961498392410161
-1.505273152322167
-1.4157913169471057
-1.960409638856369
-0.9134152960475809
-0.7260962870716436
-0.14649973495585691
1.7441926197214608
-0.15303063139364248
-1.602533347349016
0.3686195759979661
0.11917075001261486
1.3301188454642208
-0.0803808082262102
-0.3147974289230843
-1.4251055701530395
-0.22322576213192527
-0.9221273467438772
0.13850814662216918
0.15953408814458972
0.08414401189090778
-0.7188448271594124
0.9448483911300695
-0.6753681359269934
-0.08023396524747294
1.7629494468804356
0.00632460553914009
-1.115620268970444
-0.6697639903411823
0.038797243508430494
0.8841315947563685
0.11743520183250444
1.159684040466508
-0.6491567696311191
0.9078492541501436
0.44540875230790167
0.024570953562833342
-2.408690982438793
0.7067140871901194
-2.288627723077685
3.0170476775614614
-0.8143100193353247
0.5792262682457727
0.32053279886717445
0.16996773265484283
-0.7535752484906283
-1.2816741468614843
0.07647112860156069
-1.7833777939568214
0.15739043772199388
-0.32792630694905806
-0.6309186115032117
-1.1169916730377882
1.59124272264335
0.5343963326118571
-1.723887329730604
0.6499291958321808
0.5954464173105262
1.7269339246996163
-0.3116116629457193
0.5588491666648119
0.520380844831933
0.22589786800744122
-1.1248455614623134
-0.2549986107601007
1.682130216883587
0.3840995396475932
-0.9479846864601732
-0.6536246292995416
-0.9248148027794122
0.0062968779736239655
-0.8663857123797342
0.20049712118824717
-1.2721064512232476
-0.6635792995543495
-1.576221814132695
-0.797621316121864
1.748614415099116
-0.6930316477445368
1.3446532494095154
1.0604633489736615
-1.5340782006295564
-0.9578789781233507
0.9548105084324057
-0.6055369411619539
-0.34825248388443936
0.06142935163140789
1.3731336988808094
-0.5931859489797164
-0.8848602875502859
-0.48543148511408984
0.9483388982804055
-0.46749602027632325
-0.29686199682361597
0.03646807278266972
-0.13340895278047604
0.31415598931543337
0.46420965670770453
0.2714533525909955
-0.2675370027805177
-0.373506520463243
0.31438814788486824
-0.15750359497851274
1.2766200560001484
-1.0999068935410623
-2.5706954279678795
-0.1815370515320756
1.488037065795713
0.624368566094155
1.5821666478010317
-0.3787561989821123
0.14838023148551577
-0.2362698446822331
-1.0654636741844081
-0.8871519631594668
-2.028747313215824
-0.9556459690466156
0.1737221630887489
0.4007032115880996
-1.2660729404002449
-0.8943292202066129
1.5515166605412796
1.0593430978404437
1.3635707357800717
-0.9558001778224119
0.3850515854130659
-0.16930408386945947
-0.4313529757619393
-1.0442095385514563
-1.1997385544546022
0.8668300238324006
-2.244461374424544
-0.18742777148202022
0.6833119251218354
0.7146003735715928
1.7125702404967849
0.8598371009853032
-0.12098055590323452
0.37859984639245986
0.4651334481548836
2.2662195679684562
0.9114618810365323
-0.6415640738151855
-1.0552486576274915
0.9628117386246802
-0.4495106855637493
1.077400915134394
-0.7089291347355446
0.6909863034223254
0.43536824271013214
0.4536853166887559
-0.5344521898619676
-1.7770533395624535
0.2031936937178509
0.0016965709136968468
1.004191647695302
-0.42761908584232494
-0.14628981651329656
0.454183246532586
1.6827535438905885
0.7469086602613231
0.527273799293646
-0.7132333315080461
-0.5682080009999686
-0.1513604168067643
0.5322499797558872
-0.6765330974784396
0.5033136162607182
0.037446514229489546
1.6420685378478195
-1.2599773228701843
0.1283461632409252
0.4263502095401884
1.0299620145302237
0.5818607670443232
0.6978127839665461
-0.8938300495027907
0.1631888513679014
-0.32721301718548523
-1.2221725699002914
0.8722086352128959
-0.41844623103843803
-1.6515787118742713
-1.6936012007320547
-0.2384247196212023
0.5822276824320368
-0.27776143897798306
1.59085138780638
-0.17265379546434564
-1.9412720533825618
-0.7964060426530105
-0.7267180092674503
-0.7002450725926367
-0.20758489228443422
1.2762788924085666
-0.9769050771256439
0.5676869124430832
0.654073092248876
-0.49853857185350375
0.23307442784557456
0.061475293812842884
-1.1538674573875392
0.03037399045072317
1.4719974794802015
-0.11308959775101635
-0.39474266727321805
0.3212322899986929
0.7187792559939534
0.19799841204327898
-0.44018633368071475
0.6863624030132998
0.3732413060060121
0.3675992667607173
1.4721381306116674
-0.02064581192867676
0.13643256846332455
1.0728737991585253
-0.5249587675304193
-1.0601914173915974
-0.5521767208134344
0.9031721416465882
0.021372240459750683
0.7593129805228138
-0.8329396185600298
-2.3672586560820537
0.8777812270239745
1.0261377896117045
-1.0508458983941915
-0.9697099317218947
1.0093894443936375
-0.25899001039568775
-0.25037891285356895
0.5836074458441552
-1.1902466691739073
1.0720131364104288
-0.04323723224858647
-0.11143731213283593
0.672322316812067
-0.7009617372130696
0.10348663855005466
