-0.8345174768605035
0.41367486152896676
-1.592867031690884
1.7434796687824548
-0.7520616072822032
-0.19484972894494904
-2.1434788731814693
-1.4579614633445206
-0.27182083150922837
0.5300757793459547
-0.4616520582826635
-1.450899709157726
-0.5897996528967898
0.6079461419689417
2.1794436905915906
0.6512501736361036
-0.9417406669969974
-1.9866196989174962
1.0417585922872492
1.6638916076362937
0.7715156851062825
-0.6902464018090065
-0.08330173006494822
-0.6707246454300896
0.09456145184988825
-1.4455703199462586
0.17463324003900102
0.6657914640617356
-0.42033770542920423
-0.1556490218212106
0.05733695134968162
0.1890007868438258
-0.2211402938201961
-0.5695968575739754
-0.15231986386869537
-0.35110665229640275
-1.9816505577039643
-1.6903694052852978
-0.23440785644440756
0.4843750537306083
0.9913707221181225
0.28589861517686926
-0.2830983391856219
0.9862858040070656
2.346602459926156
0.2225491773662365
-0.9967069242946593
-0.3780115158237059
-0.14790518651920354
0.5389499754148084
-0.33662260546299555
-1.7688976851772962
-1.3105226672549954
-1.9738626303405729
-0.3764912075349883
1.3202717144783416
0.011850312524168755
1.1048445548692216
1.0387695203103129
0.2958894155980545
-0.16394550930774868
0.5600844513453859
0.7058758445130561
-0.14438736689011553
-0.0726305290711546
-0.6396146575133801
-0.4421157932385175
1.0489054270277003
-1.1547088610992546
-0.06984540397288622
2.4064993574414673
-0.8081974631246289
-0.2136992413131652
0.264183742244369
1.2707077693610351
1.290534694783403
1.4413837634746134
0.4519541260421473
1.4608822159119186
1.3162449033591874
0.24063117618883526
0.3285363510763781
-0.431949527038741
-0.12234386048955467
-1.5694673165302326
-0.11768874958342802
0.4607162481111753
0.03617274226982542
0.24398992764536043
0.5888538613553596
1.2367113872693236
0.7653242210312423
0.7530579082373403
-2.725172021833707
0.3729324147649205
-0.37497331213327934
0.5483127820766477
0.1520775661187951
-0.5615020805138651
0.5190862597364773
0.25751206180959074
-0.6085173125846759
-0.5521591537816049
1.2273843794597967
0.9560976002739117
0.5577149652421868
-0.08243876494348672
-0.7050440368180928
0.1608577354451711
-0.7844652881679135
0.523328100848703
1.3656477405400957
-1.3323289837720915
-0.5712490689624339
0.35509660620376443
2.986418268109636
0.26823155779319596
2.6994621251020847
0.6330313145112554
1.331046035099454
1.834796552731999
0.8008892067281004
0.09604353649779704
-0.8603604963949575
0.26036582107494805
0.28388212514758315
0.025978062231353117
-0.42909306887257065
1.901096291798752
0.672600507566168
-0.6850804681801254
-1.5796887456073159
0.48239171251702956
-2.2804356013493434
0.9915219502306281
-1.5578913495433504
-0.9883212860066
-0.1889360878260995
1.7358175280113177
-1.299553877248144
-0.7523227799875501
-0.32346407518079123
2.9443431346487063
-2.0915553180310704
0.20947134275421592
0.10497646102419242
0.9805683300798864
2.0506865691720697
1.7679135347918549
-0.27426755677016573
1.5792849244462364
0.27288573631120494
-1.290758424604915
-1.4182004452326324
0.05620761679298043
0.6052959642538335
-2.447665633239099
-0.3302086577431092
-0.5048389580659062
-0.9812333461215214
-0.6560569922060292
-1.8155235357602098
2.3581152006102015
-0.9986140631559176
-0.49718686177323046
0.4604160420810182
0.25646574467386435
0.09372214781627562
0.8233662947178205
-0.2135179406916855
-0.11057708062815239
0.1613676996807146
2.0729489216156582
0.6612285915235384
-1.126587848541803
0.03356112031007104
-0.043854137524530476
-1.3745089453102082
0.3217002612017271
0.2516277796451554
0.2698423232771345
0.874298211242147
2.3640843104368163
-1.0989128478674735
1.5492175570995488
1.0068444992318741
2.3881547257399234
0.5857019939312844
0.8975450498820299
0.7810651973439366
-0.3038254325899723
-0.5102567374637319
1.6131724789676039
-0.40858652027286196
-0.10277033676425724
-0.17444710240945538
0.10450094028797127
0.5097732552985548
-1.443475127600249
0.519420685021569
-0.998599892463674
-0.12778082906458305
-0.02743239443937741
-0.4940517004563574
-1.7631128920705579
0.16897097245822265
0.06266915977705424
-1.5599366482601527
1.1266413065179544
0.5285882187923174
-0.24345769668778958
-0.5290860053016283
-1.4373027115118886
-2.614514865290215
0.7482322183966641
-0.45004980167875225
-0.6755740670361483
-0.11967485043074304
-2.65816215307454
0.8812321525748741
-0.6189356578979099
-0.3209733130908252
0.12701220744362696
0.3884038607515421
-0.3709181766944958
1.3540168378549613
-1.0597055678216596
1.91433006223071
0.9431233650460066
-0.6745452106031925
1.9644589326127235
0.16976406147013431
-0.8802659541775661
-0.7188062684322304
-0.380769656921544
-1.6608809344058604
-1.7469230711437083
-0.1044139845464059
0.870340147959659
-0.6243945491614747
2.162837435281268
-0.7696650087432627
1.2939062851903855
-0.38477842731343603
1.906574088509406
0.0709939579040687
2.010133713472168
1.7220124194627187
1.9045125770776752
-0.4962643270061083
-0.5008281813908996
-1.6825933134689475
-0.176805876482649
0.12294266485365477
-0.5764054352619541
-0.5494011864473075
-1.001633620849331
0.06249122581621282
0.6529300377531251
-1.0563386406568211
0.42547969066746977
0.2971919349224945
1.4675538630251572
-0.47729639282253467
1.648112296823349
-0.48661695053318094
0.9229585710446171
-0.8130947127940082
-1.3873210146855748
0.06319902269958985
-0.4619298449288303
-1.4618828356192886
-0.5845220659935099
-0.31085956716858865
1.1652146258319376
1.2453507074903791
0.9161798461034762
-0.15945752936276464
-0.39718026887892827
-0.8179225001586495
0.9512516688393449
1.9465355357977856
0.8016335297144911
1.445988478124483
-0.10619437763304128
1.5784760109660991
0.2596522392965902
0.17297420294822816
0.05711027140873595
-1.0284625327472503
-0.03846268471677785
0.6887938683131051
1.176571160816335
-1.0397319017524138
1.4666164197594642
0.5334918838469499
-0.8272551959641318
0.7638893745913664
0.5995472393955921
-0.32783122254842667
0.2232611762531477
1.5099345838341895
-1.4981763499810925
-0.6423170598000604
-0.200141754973962
1.2569818206773145
1.925798853221792
-0.21206888032789836
-0.09751284297781956
-1.7036235405811029
0.9449833085557848
0.4122836615037706
0.7817416827425251
-1.1505113558559665
-1.693581883716435
0.7844277301108653
-0.5139313549849033
-1.0980388387736766
0.537672958925944
0.644018099898637
-0.2896015421193546
0.5389693305266993
1.1779485047951574
0.28988318121029516
-1.163453040329573
0.8629491065942309
0.4832007449169999
0.4554034944884124
0.8478298325573769
-0.47668911947479164
-0.5771920524582839
2.054011582939623
-1.407947765531852
2.579426898990325
1.7416829003407517
0.8868136924872491
-0.7852073239898469
-1.6692763697397213
-0.17234626110942425
-0.3913355134965751
1.2210952833446764
0.2178948491948092
1.1573896272594308
0.7722716986027112
-1.7126982251176468
-0.8581768513535738
-0.3364215333752917
0.917457922519343
0.8669703017265654
-1.3975433573938931
-0.9008773482576107
-0.9230523049972589
0.6479756008674875
-0.17740231246636234
0.17458145750954177
-1.4255857854730618
0.0303890256045649
-0.4619788806375071
0.24744494356395852
0.382978024258237
0.5287067693322849
-1.3255313711330707
-1.347732829657395
-0.8294086247688632
-0.4974940826277697
-0.011242987331124048
0.0646386525990043
-0.9594170718662938
0.7704011213845987
-0.6347279790331364
-1.212954108325475
-0.2042074957456113
0.3953362878847925
0.32229522528085136
-0.9193845885012825
-0.4533093172568936
-0.5677929917959874
0.7757010915523838
-1.4514652878772547
-0.7144824125168043
-0.01020933155136608
0.39694804930440497
-0.8960596599841982
-1.0489059587233407
1.3470879198122692
-0.01263439702215193
-0.7294681764065744
0.6927584670337105
1.958240335125969
0.8969209731383446
0.3312058129743685
1.2905771818165341
-0.5863005447543517
-0.15994753480538806
0.9669285343421553
0.048668936198611366
0.08197995211346122
-0.37706526949134683
-0.7092587834033139
-0.4417075393061312
-0.27055396364024953
-0.3492479219000731
-0.33462791502690886
0.09616493619822172
0.026395893191789425
1.1284590976626894
-2.5282811341504785
1.0227972730546873
-0.5766514188752733
1.55842540070027
0.35573283944321954
-1.6080594214766604
-1.7513750611022194
-0.4817293613994813
1.2847099588201312
1.7832423797638468
0.4419049623414233
-1.400233442515517
0.8465971615366622
-1.733434031734142
-0.12260733123030296
0.12248761711298603
-0.2558500327447608
-0.6428274392733792
1.7216734334729944
-0.3859600257353839
-0.3897007676208586
2.83261975798558
1.3419976950555859
-0.2514594509657168
-0.33974226148336306
0.4813459203926606
-2.1599726597990494
-0.11427890775508474
0.5750381993621821
0.7731573781667467
0.7453001952072261
-1.1132893208018049
0.37198105871924425
-0.23844927113783965
-0.10576260023985398
-0.2691181680514519
0.7034048709482734
-0.29377772133112995
-0.18502466376391047
0.6529012728851454
-0.3367663293767093
0.8300666606777789
-0.6563549124702607
1.5305945890013049
0.1535904050981704
1.384286537302992
0.2696440799658976
1.542257204650192
0.04935667428845105
1.1880210902327033
0.5641369935422312
-1.4569900186336477
1.9370241962320205
-1.4510608518764747
0.3953866372657655
-2.5156732458836277
0.036285755171973216
0.19699521649473106
-0.16857804230319084
0.3911722258352335
1.0140187205384934
0.18688712787449838
-0.005862400108086373
0.41193755953915706
-1.587912538823313
1.065394916045438
0.07789435472545331
-1.2526003595104356
2.493175466562346
0.21247554539727947
0.8389846775518406
-1.0621879167733181
-0.9011871122410481
0.8367537019890128
0.046086411663125514
-0.21296246876572167
-0.01016016334792425
-0.7798471872424658
1.0588680448318133
0.3399988722055609
-0.022972853015229295
0.27554059938388215
-1.7011441965747018
-0.5919500842260728
0.2075627729652641
0.2927585087745514
0.9997232244944338
1.7789586484740403
-0.6101704097966411
0.1342909220240261
-0.4380657246970574
-0.22256068070111784
0.29087752475792283
0.7090618175944505
0.18430028939287385
-0.09423216371128632
-0.6799331990491176
0.12654079181231048
-0.555906060062355
-1.2633416468739127
-1.2804635849504182
-0.8482613265491606
0.6710435417463738
0.9766502300557215
0.48706317404993144
-0.1757306150171247
-0.7507538409608076
-1.683809747837573
-0.49187365197932426
0.7854368288676492
-0.40075989527213507
-0.5835578673783409
-1.8010454601523405
-1.543699715222741
1.5720895053643746
-1.2171936409228103
0.10429479603205698
0.5449628017729314
0.9178207168871555
0.5645874774112892
-0.24774491227590645
-0.418532377304084
0.8566752516529159
-0.9703458655013341
1.1978450927045063
-0.18984751289735424
-1.1305576460074334
-0.6380347126520308
0.02904799022765318
-0.5312903746081512
-0.5303278988667248
-0.1390045470071472
-1.4073469363208224
0.7774092985323316
0.667235888771794
0.6902913805739176
0.8483702414747079
-0.17175868364830427
-0.09581834117301823
1.4400849663689261
-0.28825637093328116
-0.6682191561426254
-2.000991483517967
0.27794569926739515
-0.16775009589114498
0.7139772057977778
-1.689252100818284
-0.2759029057759671
2.0715217504290906
-2.1866514443033958
-0.3911630768304526
0.798225280116308
0.020572658087369775
-0.7944995376034729
