1.5538988345122318
-2.09927053704994
0.4750914375704308
-0.1983217593973955
-1.6853135108742032
0.5922259024639668
-0.3004846409403901
-0.6522707849336844
-0.20503095648525732
2.3915622688462275
1.5291402456824998
0.09665833692247702
1.4237534530164668
-1.4134560467628927
0.8274302320676631
0.013686409152938386
-1.1976389750817453
0.1725796047639714
0.5007067713858315
1.0705430575246666
0.08956013777053054
1.918088594943325
-0.6149229601087319
-1.0634013860245688
0.6836126397334703
1.2075733242070907
-0.07661351657684437
-0.005508398988946662
0.8630530502110919
-0.8316927512475596
-0.12325482332260769
0.4001006719353615
-0.251063166490831
0.34017664307138645
-0.09153323407398231
-0.2925304874854024
-0.845448102410127
-0.21937230406000022
-0.005354866830370064
0.4550936496280189
-0.2983875916971851
0.5003550708074063
0.6153008725572697
-0.5364712547576425
-0.9668150046188847
-0.7950680757861375
0.2497601405417615
0.7438419394069491
-1.3030063403239787
0.5959231791659869
-0.69069100952987
-0.4515352036744276
-0.3222181772940341
0.26515575621505527
1.693452056694119
-0.02251718517327826
1.3879036710348156
0.45827945641444723
-0.9158638324293612
1.4271240556849265
1.2176537336885458
-0.7455555751054787
0.7143979513118763
0.473022807791551
-0.8101823960524344
1.598101901248693
0.8654490701929232
0.14202803337675476
-0.5031651974713304
-1.7047762167115406
0.04296689060205897
1.5855230363459247
0.2791043465743392
0.7107391426667752
-0.18398371395950575
1.3419108409570102
0.5238786237957633
0.050061123894505594
-0.4205375156050101
-1.011379908650559
-0.12818832294244326
-0.18354728454134475
1.8764109577256693
-0.6814019030449062
-0.039498280010358794
1.1324917151031089
0.03142498283465614
0.7441011961845889
1.1147027292091145
0.18696142438656677
1.510577546357299
0.6859309182654431
-0.44324458212631296
1.0512717657283148
-0.9942117507584174
1.07403204488089
1.5472724742804156
-0.6556727588371324
-1.1678028430291116
0.5199579508381681
1.2079970546716414
1.1671355290357437
-0.3739084471611146
-0.2703853490925934
1.4817441124687811
0.01803914146788699
-0.32574262597847076
0.8403631539829631
-1.996916131535747
-0.7715778898600116
1.3345043709838267
-1.1497291919320551
1.1307417600469187
-1.254654941570418
-0.1667543680713146
-0.9689233438146826
1.0240804019323682
-0.2497899386349332
-0.5034032268239952
-1.6130098455582418
-0.9489406628346151
-0.017645976013079614
-0.7708046359041304
-0.027332349963797093
1.8811924634433965
0.7509976063671496
0.11824554637986166
-0.25724342715643883
2.4773789836658118
-2.169912422985415
0.3057474178982072
0.00951037432005435
1.1006812379935544
0.28846800499253855
-0.6416093127473086
1.4015388948140468
-0.4570173328504614
1.1513570784100815
0.3795048492462967
0.38063345086142897
0.723062323469508
0.3677643206319106
0.40623896773256696
1.2459429258507406
-1.1732584039811422
-0.004092922408727377
-0.13714146934520768
0.09412756332229473
1.0414568114092804
-0.7886650527758784
-0.47528530736122243
-1.6346525831222678
-0.7313872321794562
0.4494850892074282
-0.27796587658479
0.10186164301029443
0.6952016689348142
0.29972135211571427
0.8340863791881544
2.105445998537531
-0.2534710510229598
-0.024346243418076768
-0.461055572791581
-1.9823994624219243
-1.8587294503304146
-1.3970175741340847
1.046736319796677
0.2878537175742309
0.4489841729359922
-0.9566745305132269
0.01369129158840828
-0.6421057509428332
-1.791527164703777
-0.8689177616350674
-0.777173620280686
0.558179173357731
-0.0649505026101958
-1.0045410164538677
1.1342717982134762
1.7548426713987817
0.048658679359475286
-0.586242473561569
-1.1567971624137
-0.8962393093182084
0.9443298152610109
-0.28384749610053833
0.37715835180076207
-0.1226821578692464
0.8522486536538869
-1.1618730263758064
1.753650570210473
-0.1982793458372439
1.0921048935386695
-0.6411477296935812
-2.1065773547397053
0.29531229853801305
0.30084281888636727
0.707035009195064
-0.6761146784110194
0.556386002624341
0.17562028419117015
-0.1449163219237508
0.6989108169574562
-1.6832625916372657
1.2713777683192673
1.076124639416699
0.2921582386632928
-1.8149267528056499
0.037156972739439305
-0.9163429320452308
0.9517399653584969
-0.5267925101048151
1.3858666578634988
-0.7089926878724763
0.042363337474515435
0.5469958612717203
-0.40597735202148333
-0.17420171311139185
0.8878702478572097
1.6103728377648237
0.8611419140569867
-0.4567141335103062
-1.0933707802523784
-1.6572652032374564
0.8023100294498063
-1.739789951301254
-0.32564962548097914
0.015696698670363565
2.2681369292013356
-1.2016634335113983
-1.1446496764171037
1.2096364552295567
-0.3106459670188151
-0.4798527372122145
-0.023874248089547478
-0.8085862544087239
0.61431022243154
0.17097409585060533
-1.3119809883903466
-1.590363831855923
-0.6553173868823112
0.8166941149010974
0.06742631641657887
-0.21913533405930388
-1.0443115630024071
1.5490345069100906
-1.7364199276891004
0.5769509754451884
-0.4432846662275688
0.7682979398953749
-0.7061987898708918
1.2614379091203956
-0.5979663204867639
1.6129948373002452
-0.8321125608075659
-0.722239475318461
1.4006222074041679
0.8671393561429948
-0.03219572276368152
0.052306478806837475
0.12388572153547829
-1.5877855230522635
-0.20477388631749044
-1.8470235593191309
-0.1419781244644289
1.194976879479448
-0.29623550129891907
-1.48171444652808
1.1394936189527276
-0.5105140919325183
0.41443080041429853
-0.6824169734375934
0.11270849489817543
-0.38270055117349955
-1.2472284676776382
0.3282571444362415
0.34246094858359416
1.8170098959102663
-0.06816560493995577
-0.043903742872437916
-0.47676605482422213
-0.8268126229176745
-1.487154230993266
0.967678384390257
-2.487625288802393
0.04080737362414252
-1.1705261475053912
0.024031492997608705
-0.5393476877625878
-0.1341583663449541
1.350847641398
-1.834355414555866
-0.40017954763566155
1.0827250706641764
0.7930924660920877
-2.4544728301594607
1.1949851139313425
1.2333273760444499
-0.015411282649150454
-2.191647904407456
-0.10008799122323599
0.4729306907613683
-1.0999161592126518
-1.5678189455842684
-0.054453803054501405
0.15919117959324638
1.5952535351882335
0.18330984963351632
0.5572765779774017
0.4954093229360052
0.45791633942670956
-1.817872854980653
-0.3810868302503731
1.0909982716945341
-0.027975028525016134
1.2989303578078466
-0.1987122777693515
-0.5569089224751829
1.9283317363460575
0.7908084266269688
0.08666946911788698
-1.3311522673264213
0.20407686372838796
0.2442670897520388
-0.021128231121308374
-1.1921090229728073
1.1164151439496999
-1.7035845581282998
1.9263369387770095
-0.7934127313273777
-0.6802073042952889
-0.4337745768257879
-0.5645101040243128
-1.1705099006192272
1.7490332292721367
0.5666689866912376
-0.6257869005713648
1.3110682414521238
0.33128685375968625
0.2824782214361252
0.14744856428137393
0.8626301130952896
-2.2909530978577055
-1.448645289542135
-0.38493878043596536
-0.4241862632509165
-0.9301825729152617
-0.5640446880367688
-2.6416285571815585
0.1884635031258593
-0.8535103234109929
0.8740816708050261
1.0368426212177633
1.757901444418839
0.5518953320928285
0.13501302848842436
-1.51582215213465
-0.6286058139452653
2.0640323118382407
-0.11506516868686092
0.47158685597198896
1.7268183172837779
0.06337565037127699
0.047626703689753844
0.13460644310606587
1.8541442371731136
0.4641128026794891
-1.572617080346555
-0.5898978914320454
-1.1297364381618031
-1.4079067118315876
-1.6599585221542386
0.11232181861373856
1.548511920612298
0.525975856585847
0.45090616124330113
1.9134836004772713
0.4626123048397758
-1.0124807628444692
-0.39087787486183745
0.7329460469713879
-1.1240575108212636
-1.3060480561125782
-0.4258847645172162
1.4360647492696743
-0.32949960746755874
-1.1725673694886793
-1.017852437596204
0.14514011014191777
1.333846942058212
-0.06815334833838364
-0.21419257488341623
-1.362423658774972
0.71282568413031
-0.05175848526035318
1.249188533172187
-1.0845546971461215
-1.1174745097936767
-0.0174794259110026
-1.4162851922783557
1.5528350340355774
1.0058583227337956
-1.2532494252789939
-1.0493129212988601
-2.413701392684819
-0.09683378527492968
0.012638381678075001
-0.6046726406029365
-0.6737274474499594
0.8756217340474586
0.01329175178127099
-1.3294444093918971
1.7476589084872443
0.6044012222629631
-1.008101689079466
-0.45279934185649323
-0.7389002966325284
1.0162679146672071
-0.0006296142590780981
0.19259550049395868
1.0993812759919959
-0.6333724940046406
-0.6692946747082414
0.34779891445166494
0.5518309578708858
0.763863757803916
0.06505811299356234
-1.6167331685023965
-0.6754257258056666
0.19266241907558448
-1.1387145435105035
1.1551135505481702
1.0382095585958602
1.4802757293033004
-0.13612770025552437
-0.2601610716416172
-0.3534727432390294
-0.5951289916593419
-0.587280559560013
0.37562860203204457
-0.3190526334367849
-0.882678274743688
1.2938090662750428
-0.2657092295858206
-0.32088387191408624
-0.5644790731191242
1.535697990463467
0.6203245179575757
-0.5589563861444007
-0.3780786400135158
-1.0409338463738267
-0.5396465032266768
1.0233715570920459
-0.47681255205682577
0.8470282000307859
-0.9463224685059214
-1.445349973405835
0.3780642411376818
1.0183364316090042
-0.152627107186832
-0.42757776964412136
0.5487186277904013
-0.225088784931338
-0.07744767683955964
-0.38723419739221676
-0.22218670767132223
0.9028038685480386
-0.4080616927401002
-1.0973304300430502
-0.9206358058797378
0.13172477135158564
0.6123618537652278
-0.37066791184762793
-1.6925185458636405
-1.2326603628394237
-0.30535952324323823
1.4619517147320535
0.8807914612080637
2.7836010281163213
1.0164505451948291
-0.655057238562496
0.32651372165579223
1.4406770877067365
0.9073190981466958
-0.7108969568757754
1.2894378842421563
-1.2599469456597092
0.27202598158785246
-0.3433096368723151
1.6732143281294403
1.373813154582963
0.6461924362752488
-1.011348673913716
1.2572032415109025
1.040669926261297
1.169521065292919
-1.645728231780034
-0.2596993695723741
0.6883699159198369
-1.1919616794597427
0.5501302002571535
-0.4089000253598295
-0.08241185293636934
0.12772623315494805
0.05016019222554191
0.5754230701822208
0.027770607807641106
1.77066905498512
-0.2636502448860779
-0.28960010060859515
-0.2736734431009775
-1.132049878824467
2.0318065078390224
0.8331735650414449
0.8301017630649583
0.11887471570602695
-0.2861205036557015
-2.3058488575090954
-2.039146642431021
0.7122011409150663
0.44157033119741823
-0.29570749079650943
0.3239389767563518
-1.782979847316715
0.24111928750342587
1.0138303756059617
0.21017579366365494
0.5885593765589348
-1.0017681466212498
0.6656297970852354
-0.38241282261260917
-0.11100818201062615
-0.10196578377491869
-0.1711982732181824
-0.09798444914038079
-0.3288640532332364
-0.7218444068351645
0.9623627220335929
-1.3100459134855198
0.5864596917155436
-1.4592585821798523
0.2878862364801545
0.5717626797424878
-0.8251608593263068
1.0865391077008248
0.6568043271919164
0.6038071922074695
-0.40114987096072985
0.3015790402009597
0.3382637683030737
0.1474652607445608
1.023384825030886
-0.13315121186968026
0.8257802430370077
2.4383766685036745
-0.8329705768801975
0.2977290469790386
1.81109888933753
-1.3178120245293574
-0.10474535438937961
-0.4149175815886757
-0.6869126270702094
0.319608874291386
-1.6249780015764268
-0.7110381520975985
0.42571650022644164
-0.8795501801087566
0.3620592024049778
-1.5917375365586708
0.8935554172405445
-0.39553686622377743
-1.5298828696401698
0.3727499959246636
-1.9632822914020343
0.6297571264565336
-1.7098394952233453
0.1470522956994882
0.08033789838835564
-0.07164308286946762
-0.557525089433042
-2.596902714599939
0.912080180900186
-0.5996984882687085
0.6766127477798591
1.4188130266958985
0.40981191346486373
0.2964546161717723
0.7572303010220146
-0.5450539674049595
0.8422390403706087
-0.3668690768039859
-0.04363318303816157
-0.3482955150696993
0.18207052223458356
0.218243003518702
1.2194454770492227
-0.8623257103824719
0.3400419889046728
-0.047434393851265494
0.875028684102044
-0.7578062148070152
-1.2727151494343802
-0.24601545310745096
0.07049366479637428
-0.29084684675169403
0.7770762110577097
0.8648475908056107
0.5903662823982946
-0.6481216401874154
-0.19138003728762992
-0.929702602372115
0.2312434322973075
-0.06044080089448174
1.193825026193909
-0.09200701408571298
0.30443617674844914
-0.6105624403181894
-1.4594507701735262
-0.8731330985581163
-1.1733535465829368
-0.5204744912014323
-0.7591250350629469
-0.9783519871494654
-1.4028799485366206
-0.7934354467032514
-0.35786550124057825
1.2333818589901937
-0.6828470982439495
0.15818605170573183
0.05957708468986485
-1.3942195645935798
-1.0706062770453977
0.6341215122736465
0.9164667746725902
0.0484476592129585
-0.03991682511113192
-0.5635972812007378
2.017160757497616
0.06150325130288068
-0.581686655631865
0.6180436016843392
0.2022271119052025
-1.331989860630405
0.0947647548921011
0.13363991673051262
0.6436765655994703
-0.38421816597301145
0.6743496173259524
0.2344033890940655
1.2750824831363978
2.28092820707773
-0.9146019198400398
1.950221133136808
1.0717214128581045
-0.02841296192176904
-0.8467621626917551
-0.151019920805703
-0.9074352279621609
1.2819327459968843
-0.7739233983721543
1.8111260559841906
-0.34533666300892524
-0.09947527703767989
1.688760819633005
0.9541585661208674
-0.7168489384070154
-0.18975067948442678
-0.6925472236025493
0.6903476658977056
-0.2828885309856793
1.225334612185633
-0.9260237691932701
-0.5379042587516175
0.2883669124703734
0.24644658675137462
-0.7576164998664232
0.013958589808754732
-0.36507336353114755
-1.2361267590279745
-1.2003251484999553
1.2299759014090161
0.7820889634979663
-1.4702876342958096
-0.6914983227047885
-0.10617323279605254
0.8546431640482999
-0.4176854963594748
1.5372086213674425
0.607570554230014
-1.9345113024979748
-0.4509640829283115
0.28542809204963016
-0.05516976427513372
-0.13970606977681144
-0.22749370611698164
-1.3422757163127905
-0.981655830252269
0.7734680599063801
0.40998416258536924
-0.7453155005273256
-1.7915074481090967
2.253272163206425
0.14687055140179275
-1.1964848629168479
-0.9915253408359249
0.23452597376534504
1.1387419481066297
2.1894579308318978
-1.1044483726464076
0.6656144708469
0.2141806774480362
-0.5966001514035629
1.2193132673649252
0.09271653593717905
0.9272639511566012
0.8288061509032028
0.6110335857286292
0.8827885285743895
-0.5228431854529739
-0.517437053500113
0.10035338923356174
-1.128805962701341
2.3898114223459195
0.48683746533918937
-1.3026191601177877
1.0807256016730367
-1.309054196715133
1.2265743089461496
-0.4521404157483747
-1.2393959217506334
0.9619803565777575
0.45926395634707107
0.92838413724397
-0.2888224818130934
-0.13193832462012509
0.7678246372540404
-0.6470986528717627
1.3139980130087998
1.5637659743313757
-0.1777508750151813
-0.16713361776457714
0.4388221158063098
1.0171490936316145
0.5872633854590835
0.05105318552988679
-0.6730574454732756
0.0736989625965228
-0.8064284144545688
-0.25601719746323254
1.8050382083648058
0.5437673347323925
1.7322739453863523
0.2569316455813382
0.8678437875499078
1.03322957178487
-0.5212291320700828
-0.5583736098581371
-0.9590927366716816
0.12191395323974771
0.30803180216024445
-1.2212034833508956
-0.21568997678112406
-1.3322259367291118
-0.7050711517607265
-0.2228849500489853
0.3417499992414389
0.5958976925588075
0.5950968085230454
0.30626636139419
0.3895316840701935
0.19364643983680252
1.6453312706070689
-0.5481437069132277
0.6935168777821915
0.6120715066512828
-0.802755793610319
0.04352270026988574
-0.9445000204437214
0.4863475358474903
0.38850947777675937
-0.4819128229495606
0.9487889253043267
-1.4059546484112038
-0.5948712096930703
0.8645794737227726
-2.1177788591759668
-1.8865243108930407
0.3836969969846241
-0.24269141053345816
0.3285210839730501
0.4960069864049106
0.12403777166449678
-0.054851142205936274
-0.26989454280144703
-0.3333229741936794
2.933185594360167
-0.21621693315176424
0.42324915583502437
-0.7025561814855388
-1.325457773425458
0.5460396963564829
0.48159295907959665
1.2349556491578104
-0.45933110253443776
1.2769427942625962
-0.9017615114515667
-0.20253022898223697
-1.2884602414413582
-0.5413436425550647
0.6001820703999993
-0.33673106975719463
-0.3126576006932792
0.5411370087233301
1.42142347399729
-1.8639091312644298
1.1582555089180888
0.47429153567199467
1.2630927810039032
0.47715944122275405
-0.6729036939920534
0.6729405517470823
-0.5554408632516941
-1.4037398837689294
0.8874004206213212
0.04402187743626957
0.08794080587960264
0.7909480103302623
0.5154444950876133
-0.9483152409672523
1.6725519397251327
2.02636345332658
-0.41408387815902115
-0.21693705857049725
-0.7864989204012772
-1.4644293961967014
0.935045049574183
1.8375186956049254
-0.10215389760127372
1.0713900443689037
-0.6419766612443043
0.39943706684971975
-0.6572449678654408
-0.8383215957831972
0.23820067505578216
-0.9860395310485967
-0.46488547066210534
0.7094208627833738
0.07341730072061305
0.21871021863069598
0.7060879766411874
-1.1378897360288545
-1.1917746258908424
1.9079578902751746
2.121528859022661
0.4965698083028095
0.7306252745984183
2.2745740992272503
0.6042868041797625
1.603238054270505
0.9311142394806174
-0.1303486212970392
0.9325408346582309
0.4288396106296978
0.6578602936650589
0.15451326416096048
-0.9181107678534399
0.9981741941996491
0.22962165656530742
0.004351884114064807
0.31125042192749425
-0.6023763265873362
-1.9902418801401836
-1.0103303475869583
0.3752800470711832
-0.8756556397609045
1.7866316746472983
-0.2307302122401634
1.0448653804805201
0.11497415457040756
0.19930947581188094
1.1754972749565524
0.49833068265701075
0.5269876904008257
-0.7318338642193286
-0.402639220569801
-1.3343949944913756
-1.0325474174573483
-1.1506546976948082
0.32957055384305617
0.746493101634743
-1.7737327035601995
0.960279319477851
0.27702434844072943
-0.06769727181303463
-0.9434119513870607
0.5505865051815044
-0.7228778545282893
-0.11860855504498846
-1.7920225812401038
-1.9451439328563163
0.9946539094142146
0.13960841449040887
-0.4405857253635764
-0.7153432117684289
0.1574238597860585
-0.2725299672160113
1.8057349652997887
0.14248183608255238
-0.7053258261815286
0.9335090364512708
-0.7525371098241601
-1.0513114820392133
-0.14534889284106206
1.5040220308766923
-1.3240759875152992
0.33823228444993064
-0.8196358343939694
-2.3650912459514384
-0.8781150286433004
0.7071628342854492
0.5967956857411435
-0.7916145734158487
-0.271965694460267
0.3461925494467951
-0.6472886108611738
1.393082298192277
0.6718774051959395
-1.0356362645377521
-1.2971169614044864
0.22888084335251924
2.0705621622538866
-0.774870858192261
-1.2220693236688416
-0.09762843257664632
-0.012247125741487785
0.45235544248985343
1.178916291760118
0.8128457351437571
-0.0035200184356931805
-0.3874054760422421
-1.034867267018815
0.999496781897703
0.3678960905453826
0.27165577430670207
-0.4161166702316662
0.6083607465031633
-3.0743143730752234
2.2779982306148
-0.9614224720069137
-0.3113816021568674
0.24131302984347236
0.800731641930854
-0.33672852909528134
0.6525684968415041
-0.4672805379522808
-1.1185374925045235
-0.7180626295759527
-0.15142684217255936
-0.9351379222321515
-0.10933578541868663
-0.18126252667731496
0.034514366951016416
0.6466081455407072
0.1807333843863995
0.7916815099852959
-0.584820388172519
0.25150794980706853
-0.17434804675033494
1.8720985444931981
0.9272748335440667
-0.8655986431849652
0.7876198062628202
0.7218454783457632
-0.2783864966439293
-0.4211011888568212
0.13582823002990374
-1.1955113559672597
-0.9810820916867359
-1.313000958756482
-1.883777991291208
-0.5109734778373057
0.5564426566056726
-0.5603166915427406
0.4967467064110693
-0.4856918314843759
0.6780131013513259
-1.3974646807930573
0.09492270477946396
-0.1705052188708715
-0.9787165157189789
0.7923117263840221
-0.4816273115844355
1.0402031933837192
-0.9896912716742446
0.8430644967201788
-0.6616321260098916
0.5194484947469901
1.3297021941066332
0.13365160509360305
-1.051796425016165
1.1166260661541554
-0.7021820620310455
-0.9195814469278816
-0.5402640918562481
-0.19008819957981754
-1.0161761882069165
-0.6383679527018523
-0.0669690464466148
-0.8941219604107392
-0.15638904963822467
-0.25853430281289064
0.6458703972221718
0.8069693168937522
0.13909737326248003
0.5666342409178747
1.0834158011801434
0.10539300566597803
-0.0708008453986752
0.6033382196817265
-0.41563003126819653
-0.6276286345558657
0.9503052561724796
-0.7369516253840152
-0.45724456888928516
-0.0993479970225292
0.14172985312228384
-1.7309905839547188
1.1291452027858282
1.9918742124916544
-0.11990882957881233
0.1581236653436237
-0.17304651177023325
1.2043552376721243
-0.19724917625318528
0.1473046675476804
-0.8876703980130742
1.171711268264132
0.8110005201427836
1.3770489088726379
0.7104659486016972
0.5007946420869538
-0.6547738782484147
-0.2560262332761857
1.3471486562787451
-0.06932587161848382
-0.39053307931754805
-0.7334704279212828
0.6245334114932674
-0.20401331210815513
0.8721940849203195
-1.3343165883025085
0.4565378867055782
-0.5725859824818171
-0.05888400428610971
-0.5109181782080616
1.2142745620862436
-1.61754708553522
0.48590185802499414
-1.637005620309194
1.1463382431432136
0.06828207083425832
0.23782094079141122
-0.6004897760853439
0.26484682270003784
0.6237873202046882
-0.22835651370752236
0.5442906566936826
1.202805717190842
0.3892518998558819
0.31140848931671816
1.1953670473688518
-2.1696122510085614
0.35296951351782463
0.07272709097237647
0.23363662314208214
1.219266081499712
0.16482456498626502
-1.807575378420448
0.783121553930839
-0.5638785838882645
-1.3419559654712268
-0.10692823555691426
0.006105039133416666
0.4188714628003418
0.5201767232701058
0.6827010246858305
-1.6738021499103726
-0.29742653193349383
-0.060883616337711104
0.09120904639949451
0.724165193984964
0.25231563962128606
1.8871658091524237
0.07257741036021716
-0.9218246383836444
0.4870378383968565
-0.22333433529519306
-0.9706374329742927
-0.6857028496336601
-1.9072654210937758
-1.2196176770543996
0.9868035505452047
0.9925138256962632
-0.05548822505298037
0.42236492206815307
-0.001966335226395155
1.6962542107356817
1.6065218639711265
0.3482323913292984
-0.268299705100152
-0.6648941510322228
0.9398468023902805
-0.6448449670918194
-0.9509784680149712
0.0389558322084705
1.7211316377085317
0.6878162728205628
1.9789375763632022
2.4036027323454254
-0.3205777347216727
