0.42718371750994427
-0.7398564654643973
0.3480775731579648
-0.7882283333284572
-2.1705230298407785
0.2703216699359198
1.6593348274086355
-0.23120832241129638
-0.44798235096605643
2.46217077387489
0.11490958721082103
0.15016388004061582
0.4489255716786798
-1.248790088240198
0.18037800432099035
-0.038020399893629785
-0.6034769259697249
-1.0386915963519783
1.2358691977283918
0.38544430118763584
-1.7976008650069217
-0.9349677508386017
0.3756024998809481
1.316209923567059
-1.0317621103577277
-0.47931006967241147
-0.43349797763958164
-0.3025659506716366
0.5688765308513634
-0.6243186118704027
1.1976578776757747
0.8553140069290844
-0.9271479431663117
-0.9933555407717013
-2.1245446507415497
0.5760042000317269
-1.3806735054089059
0.6075778271542821
-0.4146827865673063
1.2502971764041686
-0.4519168077099008
-0.1281398684793478
-1.193730743177749
1.0396134541745352
1.6381289978250095
0.9960282781136237
-0.3331746678740281
0.4269119177009669
0.5555158962163381
-0.13487723317727776
2.033133014048643
-0.4360545030107587
0.9031846528027079
-1.4603086115127317
-0.7918476325568246
0.09610310083280273
0.04023043414011892
1.9860517781633886
-0.7341649657128272
-2.593887688966722
0.32098351151092197
0.5180652408960341
-0.8390900627101878
1.7716101993413569
-1.1965218642205364
-0.7634371675516348
-1.5503523471489318
-0.5923880427333724
0.9721649634615939
-1.7795483423415694
-0.45011471914560447
-1.2127252471334087
-0.40885209157203617
-0.3029601062349431
0.6255010061753147
-0.12570113399997318
-2.306877193886993
0.9339772945302566
1.1196979273981997
-1.1082386809114704
0.647684307532354
1.9109270246578645
-0.9026156970567121
2.5900649018263193
-0.45001685991840423
0.21989990944195878
-1.2837271344886005
-0.8989012281198182
1.3420620459408628
1.5702313464556752
0.33545960142536096
-0.10838583562452293
0.19744863259409295
0.24953949114840954
0.18686455301933402
-0.6303395935216993
0.5925535013674071
0.12334267375048576
3.0412146411440943
0.5018249397186345
-1.767692693737569
-0.28996742669839604
1.8767444574242922
0.5538564149232553
0.19458835096614222
-0.45248116602661353
0.49965889834555793
-0.41080764243296236
-0.04152988550265987
-0.18093443409481727
1.3411073564902227
-1.6440306356733663
-0.2064900734520892
-0.46250180757666687
1.2996501957984306
-0.6777086417498746
0.265506139520425
-0.44075036313945964
1.2973566477740586
-0.2021887457664491
-0.8144136463174626
1.855224149131483
-0.16643284514688064
0.7402298470089793
0.5776964575327771
0.8795850706231745
-1.114016865718159
-0.8127141691481351
-1.2302009400206577
-1.5038551522117245
-1.5081833370080824
0.1802813901219927
-0.1143221887771736
0.46176220663385675
-0.9375427778321441
-0.7341183449217064
-0.6450126600255521
-1.1267087582265571
0.6393783092776355
-1.11894947361165
0.7391859928530847
-0.0824810899298414
-0.14940636239202457
1.369707645548622
1.2118799844737065
0.0031309877007998977
0.8811467312864523
1.238822667654753
0.7564694292853835
0.6012423130094718
-1.563584982525656
0.22146124768028244
-0.8528848595532628
-0.44479653712354944
0.5011617752333943
-0.7559425221417123
-0.9066756425965782
-0.6495605756779903
0.2315209515769804
-0.8433110152357277
1.5879316728586272
-0.47063175615810876
1.1812590016372508
0.8901172102673666
-0.6432905485457517
-0.515839940887272
0.7933387433501204
0.23669005444373037
-0.08270976008845847
1.0608907046679823
-1.3036278754484243
0.45504132855481044
1.1671250227449042
0.03210877452776429
0.19800755082579774
-0.9941992091931438
1.4533561355241256
-0.18750783901037388
-1.490101937735985
-0.6884196660959585
-0.2637120255542141
1.4512492962087196
0.2878462028611792
0.37783826987618074
-0.13883925679801967
2.102445140750388
1.0050034739938207
0.7920844600317279
-1.2992248116531107
0.2570562735514846
-0.02961184021490554
-0.13256315945640096
