558.0	1.788444672e9
532.0	1.746917609472e12
542.0	6.11652384e10
528.0	2.848508125387776e15
536.0	1.626177005568e13
538.0	1.54638928496e12
544.0	4.188766955470848e15
550.0	1.42091016192e11
540.0	7.4392141824e11
560.0	4.97088e8
540.0	4.886114688e13
540.0	2.53045067904e12
538.0	3.1352832e10
550.0	5.04849874944e12
554.0	1.54877184e9
540.0	8.01715863552e12
528.0	1.49755608359424e14
536.0	3.361963158528e14
554.0	2.1313207296e10
546.0	3.8613000192e10
556.0	2.06032896e8
548.0	1.366598172672e12
554.0	1.20504384e9
550.0	9.81268992e8
530.0	6.4194810768e12
558.0	9.3500080128e10
534.0	3.7298063810304e15
558.0	3.2256e6
546.0	5.61779712e9
538.0	1.56763736064e13
536.0	9.04199314176e11
530.0	5.617855305216e14
560.0	3.326976e7
554.0	9.781332148224e12
538.0	1.2680957952e14
528.0	2.50589790850048e14
544.0	1.945986898944e12
552.0	2.6762960653056e13
540.0	3.792129509376e13
552.0	7.7880434688e10
554.0	4.156416e7
532.0	6.98482556868096e14
540.0	2.262330145152e12
554.0	6.611286528e10
546.0	4.0674240896e13
536.0	1.67346839085696e15
548.0	3.72708e6
546.0	1.184859906048e12
544.0	1.0405057536e10
542.0	1.0139065565184e13
538.0	1.55765595955e12
554.0	2.190336096e11
540.0	5.2025170176e11
534.0	2.97585020928e11
544.0	3.483470980288e13
546.0	7.158528e9
544.0	6.4489522379392e13
540.0	6.7124502144e12
546.0	1.8110297088e11
544.0	1.9713024e8
548.0	3.7063488e8
542.0	1.5237576474624e13
536.0	1.58981209325568e14
550.0	3.07177906176e11
552.0	4.4973494784e10
532.0	1.5577219060992e15
540.0	9.15804411648e12
556.0	2.44840845312e11
546.0	1.80055967100928e14
534.0	5.6650548528e11
542.0	1.276864985088e12
544.0	2.7534753792e11
534.0	4.0885321728e11
550.0	3.901949356032e12
536.0	2.68364169216e11
534.0	1.0385702415084672e16
520.0	2.8489048655616e14
546.0	2.05390128e9
540.0	4.3854041088e11
546.0	6.579781632e10
540.0	1.0514609989632e14
558.0	4.7536128e8
556.0	8.7587136e8
548.0	2.06786131968e12
560.0	3.15944203968e12
536.0	2.83161626352e13
530.0	3.55722264576e13
528.0	5.90573700864e13
540.0	9.019622709888e13
522.0	2.70572978700288e15
542.0	1.8266190336e10
548.0	2.174933376e9
540.0	9.085345357824e12
536.0	2.9414843496e12
546.0	1.172109312e10
542.0	1.4267570688e13
548.0	4.24823809536e12
548.0	1.860182016e10
528.0	1.72889966592e12
554.0	7.64411904e8
528.0	1.47664426248e14
540.0	3.427774930944e14
526.0	1.4267493421056e15
546.0	2.5111296e9
552.0	3.733475328e9
542.0	9.209088e9
548.0	3.34626816e10
536.0	1.0552160739456e15
550.0	409536.0
546.0	3.97426176e9
564.0	4.35456e6
548.0	1.1314888704e10
548.0	1.4856192e7
542.0	1.0674219460608e14
536.0	4.31020778921928e16
516.0	1.260139000009728e17
548.0	5.322039762816e14
550.0	4.89443328e10
548.0	4.273295651424e12
532.0	7.41802180608e11
546.0	2.269366272e11
538.0	7.999154279424e12
534.0	2.8195468408576e13
534.0	3.9662787428352e14
550.0	3.693710592e9
556.0	3.6055012896e10
546.0	3.3930215424e10
534.0	5.5313706188376776e16
534.0	8.151725551104e12
534.0	8.63705576448e11
564.0	7.62945232896e11
532.0	2.6379058512311808e17
532.0	5.0238822465024e14
540.0	4.788145152e11
542.0	5.501957243904e12
550.0	2.3107884660224e13
542.0	5.1559466112e14
542.0	6.08755824e11
558.0	8.076672e7
550.0	3.589277184e9
532.0	4.37378973696e13
558.0	5.28219648e9
544.0	1.173105483264e12
538.0	5.0689990656e10
550.0	6.0685058304e11
540.0	5.890820210688e13
536.0	1.13677682046336e15
536.0	1.734627742848e12
536.0	1.583719036941312e15
540.0	2.10703597056e13
540.0	3.2912706944e10
544.0	1.3972839989248e13
534.0	4.309830144e10
532.0	2.237311254528e13
566.0	4.88581632e9
532.0	7.509768924786048e15
548.0	3.709387358208e13
540.0	2.91756816e11
560.0	2.58048e7
550.0	6.407424e8
548.0	2.7407938977792e13
542.0	5.359398912e10
524.0	1.490206326784e13
536.0	7.811157054403584e16
540.0	1.5010602614784e13
534.0	1.318618331136e13
542.0	8.99844552e12
546.0	7.2868626432e12
536.0	1.182911136e13
536.0	2.647604736e11
542.0	2.5355122303104e13
540.0	6.366267383808e13
550.0	2.6320896e9
552.0	8.85687968592e11
556.0	1.57925376e9
548.0	6.08140224e9
542.0	2.46436108152e12
536.0	1.24715515730832e15
550.0	2.46237264e8
530.0	1.14228073649664e14
548.0	1.45653645312e12
528.0	2.14378851354624e16
532.0	1.922205616848e13
542.0	1.07321819136e11
542.0	1.844562082277376e16
540.0	7.335591936e9
532.0	1.417661535448704e15
550.0	8.150740992e9
530.0	4.60145664e9
540.0	2.53862086459392e14
550.0	2.004507648e10
548.0	8.790101208e9
546.0	1.928448e8
542.0	4.8046521277456e13
540.0	4.602578706432e13
558.0	9.696602112e9
540.0	1.11176728806528e16
544.0	2.1821913216e10
546.0	3.280927104e10
540.0	6.85614811392e12
546.0	4.721650920100224e15
544.0	3.29219222688e13
526.0	4.29742833734016e16
554.0	2.990624e8
544.0	1.322506369400832e15
524.0	5.756327384481792e16
532.0	3.44327420501604e16
548.0	4.98186504e12
534.0	1.35323983872e12
546.0	1.93536e6
530.0	2.261521415299584e15
540.0	5.61906948096e12
548.0	2.89106205696e11
544.0	3.231449088e9
540.0	6.729887711232e12
548.0	1.33305668352e12
554.0	7.88299776e9
542.0	6.2946317316096e13
552.0	1.006112464896e13
536.0	3.390194016e12
538.0	7.76207038464e11
548.0	2.678593536e11
534.0	1.066689385463808e15
536.0	1.32389487265536e14
542.0	2.978021376e10
528.0	3.73199596344e15
544.0	4.725576474624e12
552.0	1.347416395776e12
532.0	3.71482576812e13
532.0	1.409227953408e14
544.0	3.4349495717376e13
532.0	6.531246040176e14
544.0	8.5541992704e11
538.0	6.690221531136e12
544.0	5.20006874112e12
540.0	7.100422198272e13
532.0	3.7536776030544e14
530.0	3.01090705408e12
550.0	2.89529856e8
536.0	2.74760171753472e14
548.0	2.8629504e9
558.0	3.168967479552e13
550.0	3.2516246016e10
526.0	2.452630349568e12
540.0	2.12405586624e12
554.0	2.0736563328e11
540.0	2.0252608512e11
536.0	4.24846141776e13
544.0	5.91722496e9
562.0	1.47224659968e11
550.0	2.90304e6
538.0	1.082298728448e12
550.0	4.2910382592e11
546.0	4.987916955648e12
538.0	3.329420941584e13
536.0	6.86608948311552e15
552.0	1.662329088e9
532.0	1.660442112e11
538.0	4.50797985792e12
550.0	1.139393981664e12
548.0	8.15106060288e12
530.0	2.1119616e12
536.0	7.32360099930624e15
552.0	3.20988096e9
550.0	4.458433314816e12
566.0	774144.0
548.0	4.8304704e9
534.0	2.578388832340992e15
532.0	2.74979087437824e14
554.0	1.824768e8
534.0	4.18156981632e14
540.0	1.27183281624e11
558.0	7.77663744e10
528.0	1.1929682581846575e19
528.0	1.695146904147456e15
554.0	1.265796288e9
556.0	3.35757312e8
538.0	2.52430054272e12
538.0	2.1069103104e10
554.0	4.5123167232e11
548.0	1.84732355808e11
534.0	8.730021888e9
548.0	4.408862939136e12
536.0	6.540849408e13
538.0	1.6854526656e12
546.0	3.771178112e11
522.0	4.481750579703696e16
548.0	3.0620798208e11
552.0	8.67392064e9
532.0	8.5978193779584e14
536.0	3.5982019584e12
542.0	1.642972605048e13
528.0	6.4039187737728e14
538.0	1.627765945344e12
540.0	2.2747867824e13
538.0	3.175236590704e13
550.0	1.57030272e11
540.0	4.0729630464e11
540.0	9.23467776e8
526.0	6.88238365609476e16
532.0	9.4186637225856e15
540.0	7.94904993792e11
536.0	9.55692678144e13
550.0	2.395008e9
534.0	1.20521834496e14
532.0	2.1907210752e12
528.0	3.909979999296e12
540.0	4.01263509504e13
518.0	9.95951487590208e19
534.0	2.888740495872e12
532.0	1.100293963776e12
558.0	1.400832e7
554.0	2.68406784e8
540.0	2.3237238024192e13
544.0	3.616704e9
550.0	4.55281037568e11
532.0	3.708825040607232e15
552.0	6.8554063872e10
552.0	4.2674688e10
536.0	2.2105945239552e13
550.0	7.909110521856e12
532.0	2.360123169272832e15
556.0	8.34624e6
532.0	3.80665896192e11
542.0	1.0749208744512e13
554.0	4.167936e8
530.0	2.68687642752e14
534.0	3.9010202812416e13
538.0	1.00743118848e11
540.0	2.90748248064e13
554.0	3.917217792e9
548.0	2.985984e9
546.0	8.4321368064e10
530.0	3.823764826176e13
558.0	2.73106944e9
540.0	4.8180984192e11
554.0	7.560364032e9
540.0	8.936220672e9
546.0	2.03884704e9
554.0	7.72686432e9
532.0	2.363904e10
538.0	2.652722882048e14
544.0	1.17946368e10
546.0	1.34589312e10
544.0	1.158976264464e12
542.0	2.6782408704e10
550.0	1.695547392e11
542.0	1.359581184e10
528.0	5.9965171928064e14
558.0	6.20587008e8
552.0	2.5786017792e11
538.0	2.92626432e8
542.0	4.24424374272e11
514.0	8.762485197066048e16
544.0	1.262110464e10
556.0	1.386878976e9
534.0	2.02360889952e13
552.0	1.9160064e8
544.0	2.5674153984e11
552.0	3.079296e9
546.0	2.5813767936e10
562.0	5.2383744e9
540.0	2.444407289856e13
542.0	9.8315178192e11
546.0	1.5750021888e11
542.0	4.39917184512e13
568.0	8.836708608e9
534.0	8.81983488e11
556.0	6.55589376e9
540.0	9.10851604992e12
530.0	6.6451986114624e13
542.0	2.2194321408e10
524.0	1.427345891328e12
550.0	1.0811523072e11
542.0	2.6838209664e11
548.0	2.1919113216e11
536.0	1.9444727808e10
534.0	5.633609170176e12
552.0	1.00394237952e11
560.0	2.139706368e10
558.0	1.934585856e9
534.0	6.08420797824e14
544.0	4.9137344256e11
548.0	2.60470066752e12
544.0	6.3051005952e11
538.0	7.71704832e11
540.0	7.22288627712e11
534.0	1.901907017472e12
548.0	7.17545472e10
548.0	1.946927616e9
526.0	1.382524526592e14
556.0	1.1687339664e12
532.0	5.34392814348288e15
540.0	1.93315838976e12
528.0	1.16180158311936e15
538.0	3.355410432e10
544.0	1.32249382272e13
542.0	1.90237248e10
540.0	1.814110271424e13
568.0	1.437696e8
540.0	3.5124471936e11
554.0	5.7228288e10
538.0	2.12030410752e11
544.0	4.5793665792e10
536.0	2.674675319416464e17
536.0	1.2854821837312e13
540.0	5.0759026735872e13
552.0	1.40266516554e12
556.0	4.61418496e8
538.0	3.40908189696e13
536.0	6.6232513858032e14
540.0	5.787334656e9
548.0	5.8211986176e10
562.0	3.0160128e8
530.0	2.5034680958976e14
554.0	2.0155846656e11
530.0	1.556112657792e14
552.0	2.789568e9
520.0	1.190668020308951e17
546.0	7.633489248e10
534.0	1.00977262848e13
540.0	7.97454659456e11
546.0	1.486476288e11
538.0	6.8678886528e12
548.0	1.52193466368e11
538.0	4.42747805696e13
554.0	8.59503923712e11
544.0	1.837269504e10
542.0	6.106586112e11
542.0	2.2656966990336e13
542.0	1.828405343232e12
532.0	3.0490144505856e13
520.0	3.713227304443775e20
540.0	1.10008096704e12
530.0	9.96112661136768e14
552.0	3.47785740288e12
518.0	1.1094104051712e16
540.0	1.19504305152e12
550.0	5.03712e10
546.0	2.422577621376e12
554.0	5.087232e8
548.0	3.070255104e9
540.0	4.6421001216e12
550.0	5.509980288e10
540.0	5.87651825664e11
542.0	4.59381694464e11
536.0	9.37931184e9
534.0	1.3185390649344e13
544.0	9.257877504e9
548.0	4.917313542144e12
550.0	2.25049439232e11
542.0	1.08446617536e12
530.0	1.374879744e10
536.0	2.653876313088e12
546.0	9.5543564079744e15
536.0	1.19606003712e12
538.0	6.073870309376e12
542.0	2.66018328576e11
550.0	4.0966345728e10
546.0	3.0904863326208e14
538.0	4.07375336448e12
536.0	2.0369276928e10
546.0	2.8845932544e12
550.0	2.095478784e9
546.0	4.1850432e8
554.0	2.373387127488e12
544.0	8.49316672512e11
546.0	1.4138861568e11
530.0	5.2890921216e13
552.0	2.06862336e9
562.0	1.308642048e9
538.0	1.968092059392e12
562.0	1.1406528e8
552.0	3.893105664e11
538.0	9.9201488832e11
558.0	6.18718464e8
534.0	2.42567980992e12
544.0	1.88409046272e12
550.0	2.99522792448e12
538.0	1.01913674093568e14
528.0	2.2667533185024e13
556.0	6.73566912e10
528.0	3.7363183008779346e18
546.0	6.3491793251328e13
536.0	1.4017536e9
544.0	1.17981287424e11
540.0	1.3915763712e11
542.0	8.5808222208e10
556.0	1.32378624e10
552.0	5.1005251584e11
532.0	5.963536576512e12
540.0	5.4522384384e11
554.0	6.06647808e9
542.0	1.2056399220096e14
544.0	4.281776474112e13
552.0	1.654560502272e12
544.0	4.164775256064e13
548.0	7.42663240704e11
556.0	4.594339233792e13
538.0	1.077947799552e13
544.0	6.447734784e9
562.0	1.85278104e9
554.0	4.39750016e9
550.0	1.1366203392e10
538.0	1.385282304e13
562.0	2.635776e8
534.0	1.8360973111296e14
540.0	1.347074875392e12
532.0	4.89941489664e14
552.0	2.152722432e10
556.0	8.143089408e9
534.0	2.012781312e12
532.0	3.25644447744e12
528.0	1.7458725728613888e16
540.0	1.4789827584e11
546.0	3.5578331136e10
548.0	3.5710848e8
550.0	7.849841664e10
534.0	5.78161152e10
550.0	3.758211072e9
530.0	2.386615475298816e15
546.0	2.37987135504e13
530.0	9.619550502912e14
542.0	6.8622367968e11
548.0	5.052284928e10
554.0	9.10393344e8
530.0	3.93193903263744e14
534.0	2.09682432e10
544.0	1.1224571904e10
546.0	2.04384563712e12
544.0	1.1211374592e10
530.0	6.1651528704e11
550.0	2.9514498048e10
552.0	2.6144e7
542.0	2.5625059264512e13
542.0	1.978647358464e12
550.0	8.61111720576e12
528.0	9.32139388422144e15
548.0	8.13292032e9
542.0	1.1101129408512e14
536.0	1.74838196736e13
542.0	4.679907328e10
546.0	2.0296894464e12
542.0	4.77286331904e11
546.0	6.43175838461664e14
530.0	2.68995572097024e14
552.0	1.5095808e9
536.0	5.44150683648e12
548.0	5.342035968e9
536.0	1.2890906603424e13
550.0	1.40488128e10
544.0	2.48373216e11
552.0	7.8576334848e10
556.0	4.146802176e9
538.0	7.0761122136e12
548.0	6.8191248384e10
546.0	8.152182144e11
548.0	3.7060608e8
552.0	1.60705714176e12
546.0	4.388035584e10
540.0	1.402812146688e12
534.0	1.06951308860928e14
558.0	1.934538816e9
538.0	1.992531104944128e15
554.0	1.7322137424e12
546.0	7.3869231744e11
550.0	1.8870610176e11
548.0	7.4252288e8
554.0	1.16520768e10
542.0	1.1632601214e13
538.0	1.9029302784e12
544.0	5.08191335424e12
544.0	8.93092442112e11
536.0	1.81671156096e12
540.0	6.577376256e11
548.0	2.849968576e11
550.0	1.17950667264e11
552.0	3.520768e8
556.0	3.3965568e9
544.0	1.29155899392e12
552.0	2.874507264e9
544.0	6.222037248e11
534.0	1.0554304223232e13
542.0	3.8185039872e11
526.0	8.73050959872e12
540.0	3.050125201152e12
536.0	1.44139979022336e16
536.0	4.7743962624e13
542.0	1.7259264e9
552.0	1.3044423168e10
538.0	3.06777621456e11
532.0	1.049540355072e14
528.0	8.439228435456e12
548.0	9.9491493888e10
536.0	7.924224e9
546.0	1.35659349504e11
540.0	7.43187312e11
556.0	8.4934656e9
532.0	2.1370523904e11
542.0	7.7203800715776e13
544.0	9.18553563432e12
540.0	5.85982322016e12
552.0	1.46377152e10
546.0	5.33095808e11
538.0	8.6989958664e13
550.0	1.23533918208e11
530.0	2.096855957664e14
536.0	5.661646848e10
532.0	1.98545504832e11
540.0	7.8391808e10
536.0	7.752694512844512e15
540.0	5.72509569024e12
550.0	2.37806598739968e14
542.0	1.9341213696e10
536.0	2.3078426907648e13
542.0	1.06474176e12
532.0	4.417496745984e12
542.0	8.2944e8
542.0	1.398976384e11
538.0	1.98758536704e12
538.0	1.401706517784576e15
540.0	9.92513088e9
544.0	2.18992896e9
534.0	2.7530801823744e14
524.0	1.89497538054144e16
540.0	1.154694875136e12
546.0	1.5034925568e11
540.0	9.0564854200128e13
540.0	1.8850882752e13
540.0	8.35031425536e12
538.0	2.621489225472e13
550.0	1.97793792e10
556.0	3.73621248e9
536.0	1.229089241088e13
520.0	1.0481438278338693e18
530.0	2.3940040126464e15
536.0	9.51244485143208e15
542.0	3.494150352e12
548.0	3.0798600192e10
562.0	107712.0
542.0	6.577394959872e12
556.0	2.938355712e9
530.0	2.85444428544e12
548.0	7.05660336e9
526.0	1.5048282579264e14
546.0	8.49512448e8
566.0	331776.0
536.0	1.912305390336e14
550.0	1.8118159488e12
550.0	5.02930944e10
538.0	7.802290176e9
542.0	2.7888250752e11
542.0	5.900304384e10
540.0	1.9660720464e11
546.0	2.49635457792e12
526.0	6.902844689664e13
552.0	2.85674208864e12
530.0	1.07273088e9
548.0	8.22915072e10
548.0	3.739219848e11
534.0	3.457680596964864e15
542.0	3.17281928954112e15
534.0	4.7067918041088e14
550.0	2.52984866112e11
528.0	1.26655054848e12
538.0	1.844591616e10
542.0	4.1844031488e11
542.0	7.359939972e10
536.0	1.3927514112e12
536.0	2.242536192e12
550.0	8.72662464e10
552.0	2.73564438528e12
536.0	4.237050249216e12
540.0	2.04053188608e12
556.0	4.0678848e9
538.0	1.756865892672e12
540.0	1.3001586204672e13
544.0	8.22291111936e12
558.0	1.760234112e9
544.0	4.4156245506048e13
548.0	2.8676199744e11
540.0	1.823231096433312e15
540.0	1.4328244224e10
554.0	3.035640384e10
546.0	2.6506174464e10
550.0	1.803174912e10
540.0	1.098186227712e14
546.0	3.867595776e10
538.0	4.7623702464e11
552.0	1.2865462368e12
542.0	2.40773326848e12
536.0	4.9272717312e12
544.0	2.3687935488e13
538.0	4.62251971584e12
554.0	525312.0
540.0	3.922560865536e12
544.0	5.957259264e10
564.0	6.84343296e9
536.0	3.017604708096e14
532.0	2.051384832e12
528.0	1.22206309219008e15
534.0	7.8783928496e13
534.0	2.322081460224e12
552.0	7.5748608e9
546.0	1.07122046976e12
532.0	1.8268767216e15
528.0	6.030317990732544e17
544.0	1.33420464949248e14
550.0	1.471343616e10
566.0	1.094487552e10
546.0	3.056240736e13
544.0	4.1193868032e11
524.0	5.169248050176e13
544.0	1.913805294336e12
532.0	9.01638556765056e14
542.0	1.29024e9
540.0	7.4638305558528e13
542.0	1.8283659264e11
562.0	8.3090448e9
550.0	2.87728128e9
534.0	8.0271088128e11
546.0	3.4604767143936e13
530.0	2.82999090816e11
566.0	1.704996864e10
532.0	2.153061679104e13
536.0	6.6785296324608e14
550.0	5.7485417472e10
544.0	1.2610930176e12
528.0	2.6529140736e11
546.0	1.5448249152e11
550.0	2.155290624e10
548.0	1.300304329632e14
536.0	1.9831779072e12
556.0	3.59424e7
520.0	2.515138129728e14
542.0	1.496381386752e13
538.0	3.2113894248576e13
560.0	2.308227264e10
526.0	1.935000097677504e15
536.0	1.744656765735168e15
536.0	1.0214788497408e14
542.0	6.8230690848e11
538.0	3.786915530774938e16
544.0	6.34023936e10
542.0	5.827132514304e12
540.0	4.8058009393152e14
546.0	8.7890096e8
540.0	1.3432742144e11
544.0	1.6560211968e10
540.0	2.5337678179968e13
548.0	1.40494528512e11
560.0	3.5448192e10
540.0	1.68749568e10
542.0	1.142126203392e12
536.0	5.435908697856e13
556.0	8.1134592e7
554.0	1.76404032e9
562.0	1.038375936e11
546.0	1.4433556212672e13
540.0	1.95915648e12
536.0	5.371204608e10
544.0	3.07336495104e11
546.0	3.04128e7
546.0	8.3881984e9
554.0	9.714816e7
534.0	3.390818112e10
524.0	9.6183827038208e13
552.0	7.757459424e9
546.0	5.4918549504e12
542.0	9.868435578432e13
542.0	1.01534404608e13
534.0	1.3491119525515776e16
564.0	2.7648e6
544.0	2.72168129376e12
542.0	8.935774848e9
550.0	3.30355584e9
540.0	1.92535056e9
550.0	1.6873150468032e13
530.0	6.84030685068288e15
546.0	6.553664650368e12
558.0	5.76576e6
546.0	1.19066112e8
550.0	9.1942470144e11
548.0	4.24713216e9
528.0	1.18738865976192e16
560.0	1.5628032e8
540.0	1.04608198656e14
550.0	2.38117522176e11
556.0	5.1757056e9
550.0	2.51934624e10
542.0	1.15810274304e12
552.0	1.351398048e11
542.0	4.5292336363008e13
534.0	3.258407927808e15
540.0	8.52562630656e12
536.0	5.645778066432e12
544.0	5.008766160384e13
540.0	2.95371952128e12
530.0	3.8803779399168e13
540.0	1.389363490944e12
544.0	3.3383406928032e13
538.0	1.126518040704e13
528.0	3.14459760384e12
554.0	3.8208831552e11
550.0	6.5799552e10
544.0	7.2164100096e12
550.0	3.5301609216e10
530.0	8.25945984e11
526.0	2.3318553581568e13
536.0	1.03436352e9
536.0	3.32030502912e11
546.0	2.482425626112e12
540.0	2.9730447315264e13
528.0	1.3751281575936e15
534.0	3.8482975872e10
536.0	4.4285128704e11
554.0	1.479168e6
552.0	4.861296e7
538.0	5.881219964928e13
540.0	1.6844847061248e15
538.0	8.40901248e9
532.0	4.3143197876928e14
536.0	2.17064566317888e14
544.0	1.57343518656e12
554.0	2.140564154112e12
542.0	5.5056867712e11
542.0	7.15304088928e12
548.0	1.29442330368e12
524.0	4.76914282831872e14
544.0	2.53664191531008e14
536.0	2.913763175856e14
544.0	3.097823934e11
536.0	1.0854035618688e13
546.0	2.883465216e11
556.0	5.3919984e8
534.0	7.3018888992e12
534.0	1.578230894592e12
548.0	1.357827534e12
534.0	2.68932668928e12
540.0	4.6138071168e11
552.0	6.01038848e9
548.0	1.054470144e10
540.0	2.44931539968e11
524.0	2.0476792866816e13
536.0	5.35674870300672e15
550.0	2.86607849472e12
542.0	5.1740688384e11
554.0	2.68558848e9
536.0	1.4607898701809664e16
542.0	1.494214356096e12
520.0	1.3472203070536704e16
550.0	1.75177728e8
538.0	5.454265614336e12
546.0	9.7139294208e11
536.0	1.195034562457064e15
544.0	3.16607616e9
528.0	3.8483361792e10
540.0	9.073693824e10
558.0	5.52738816e8
530.0	1.56003300880704e14
532.0	8.0744182674048e13
538.0	1.011749004288e13
552.0	2.150064078848e12
552.0	2.6148864e7
534.0	3.353071555584e12
542.0	9.6942661632e11
558.0	5.1293592e9
546.0	3.1990464e7
544.0	6.8684571648e11
542.0	8.895430656e10
534.0	1.596564890784e14
546.0	3.324384e9
534.0	9.0831229186048e13
552.0	2.8050863376384e13
542.0	5.231057905152e13
558.0	2.765120352e10
544.0	1.0436760576e10
548.0	1.228838688e11
540.0	2.6196768e10
534.0	1.88489023488e13
548.0	3.27914496e9
540.0	3.766156667578368e15
552.0	2.769826752e10
540.0	8.652166273824e12
552.0	4.7831099904e11
526.0	2.8605823488e11
538.0	8.2434524110848e13
542.0	5.47803648e9
544.0	2.1008268288e10
562.0	1.2673554432e11
564.0	1.180609536e10
548.0	3.102769152e10
548.0	1.1128106803008e14
540.0	1.1932800298848e13
542.0	2.631581960448e12
548.0	5.529544704e9
536.0	2.1619084343721984e16
540.0	1.30215665664e12
538.0	8.44806144e10
548.0	1.44488448e11
536.0	2.6809901267584e14
542.0	7.7570113536e11
538.0	4.41593856e11
544.0	1.9004544e9
536.0	1.586304e10
556.0	8.60461056e8
544.0	4.886925696e12
544.0	9.7093251072e11
542.0	6.04732416192e11
556.0	2.175952896e11
546.0	5.6888797954464e14
538.0	8.367811584e11
536.0	1.05092830718304e15
542.0	1.7644840192e11
550.0	6.20089344e9
558.0	1.15458048e9
538.0	1.85121828864e12
536.0	3.5815385088e10
548.0	1.5404111086464e13
538.0	5.15447712e11
544.0	4.0310784e9
534.0	1.60484260608e14
532.0	5.552506203619478e16
560.0	1.13770496e9
534.0	6.305142477312e13
524.0	8.310516687226836e19
536.0	1.791818774208e13
562.0	5.542199808e9
542.0	5.829784731648e12
532.0	1.1327516928e12
526.0	1.0029272408064e13
540.0	1.17080188452864e14
548.0	2.970519552e9
540.0	1.653238812672e12
548.0	2.9197563865344e13
554.0	1.52936448e10
544.0	3.91150273536e11
548.0	8.517408768e9
532.0	8.3931365376e12
538.0	1.27540317744e13
526.0	1.0768459451904e14
530.0	6.794684630035661e17
544.0	1.4002901692416e13
556.0	9.160915968e10
540.0	2.17322189568e13
542.0	6.01344e6
544.0	2.242272485376e12
540.0	2.737152e8
550.0	6.6056256e10
560.0	1.07702784e8
538.0	1.9723382796288e13
548.0	3.7980121536e11
542.0	9.169698816e9
538.0	8.5293068554512e13
560.0	7.7610729e10
546.0	1.7930357240832e13
542.0	1.6201949184e10
554.0	5.0224608e10
558.0	7.3446912e8
550.0	2.126311501824e12
540.0	2.388977688576e13
558.0	4.36001439744e11
528.0	2.594384018687232e15
530.0	2.53067849334144e14
548.0	1.5910981632e10
554.0	4.44911616e8
556.0	6.97055044608e11
546.0	9.3250558176e11
548.0	2.0539008e12
532.0	2.49512030208e12
536.0	2.55199251456e13
544.0	1.526457276e12
550.0	1.86110410752e12
552.0	9.7445663744e11
538.0	9.023156103168e12
544.0	4.759574784e11
546.0	5.391790272e10
564.0	1.84315981824e11
528.0	9.24193332384e12
542.0	1.90688691648e14
536.0	6.92454571462656e14
544.0	1.0206839808e10
556.0	1.7023776e9
544.0	2.5845591744e11
548.0	2.201122159488e12
542.0	2.63711655936e11
534.0	1.429175216019456e15
528.0	5.8934907666432e15
528.0	6.730741141733376e15
532.0	7.7737360896e11
546.0	7.411661365248e12
528.0	1.433714688e9
548.0	2.086995456e10
544.0	1.7182969776e13
526.0	3.988149153988608e15
540.0	2.2430170349568e13
512.0	1.1287416449893814e18
564.0	7.6726272e8
542.0	2.4014622090816e13
556.0	2.511003648e9
