130	196
130	576
138	44
124	380370
130	3136
130	132
132	28
126	168336
130	15840
134	160
132	1392
136	510
124	720
136	384
124	5964
134	512
138	56
126	16860
128	96152
124	59718
128	12408
130	252
126	7760
128	720
126	700
126	288
122	440408
130	2430
130	2544
128	54828
136	36
132	684
130	224
134	144
134	624
120	2397264
124	144
134	408
130	3042
134	72
132	2754
128	50196
128	1232
128	28512
134	192
130	2940
126	680
128	28016
128	7440
134	172
130	9474
142	1920
128	288
126	3510
134	140
132	2864
122	425130
130	412
126	513560
134	108
132	1344
130	960
124	2664
132	21728
144	6
136	544
132	480
124	2232
132	248
126	330
128	4440
128	14872
134	3744
132	1152
130	26640
134	8
138	240
132	252
124	404880
122	449856
130	18248
130	3072
136	4
134	104
130	6800
126	1313616
136	42
132	12378
120	265848
138	288
126	10368
132	172
128	106560
128	2112
132	720
126	39660
132	174
132	136
130	2190
134	1736
130	144
132	630
124	480
126	94800
132	1600
124	4392
132	1152
126	15712
132	6592
128	1044
134	480
126	27744
126	9006
126	4896
138	420
130	1462
130	50752
128	20088
130	240
136	576
136	240
130	3402
130	48
132	96
128	8904
128	10200
130	216
130	1520
132	236
126	2688
128	1860
128	27528
130	8224
132	1056
132	288
134	264
128	4320
128	28912
128	8412
130	60
134	164
132	360
130	3100
132	1984
140	8
132	256
128	4760
124	24432
132	3240
134	288
132	21236
134	1744
132	7188
132	9632
126	286848
138	24
134	4070
138	120
132	8022
132	1920
134	72
122	285168
128	4356
136	284
132	24
126	3360
144	8
130	368
136	360
132	348
136	16
130	24192
130	252
134	384
134	1296
134	1332
128	6696
136	240
132	1440
132	7224
128	1792
132	294
134	220
136	8
136	280
132	640
138	116
124	11592
122	220096
128	1392
134	672
126	24384
132	634
134	12
126	31644
126	97216
128	4872
134	64
136	924
126	28848
130	118272
138	48
132	6338
132	8
128	1344
130	1632
126	5376
136	384
128	2080
124	42624
130	168
126	89124
134	1056
126	86196
136	136
132	240
126	30004
130	132
132	1716
132	7830
128	2640
138	1220
128	5052
142	36
132	192
134	888
128	2360
134	180
132	144
130	2496
130	144
126	14420
122	184922
126	11008
138	32
128	87064
126	98284
126	24844
136	56
126	62464
134	96
132	496
130	8
130	47204
136	64
130	6408
132	2720
132	24408
140	72
130	1236
128	4548
128	80
130	288
128	57456
136	1744
126	60264
132	100
136	316
134	4024
130	512
128	12800
128	3776
128	1008
128	672
132	72
138	288
136	176
118	395806
124	59568
120	2688
136	144
130	4032
128	12600
130	16992
132	192
136	36
130	144
126	1152
142	36
130	7168
122	19152
122	345408
134	168
124	82368
128	1264
122	144
134	574
134	180
132	1968
132	216
132	848
134	64
126	9430
132	936
134	456
132	1500
136	240
130	6222
126	176
134	2304
130	560
124	136080
128	572
132	162
138	180
128	3000
136	270
132	24
130	11480
124	16064
132	2556
124	12192
134	48
136	172
122	22062
138	248
126	29952
132	44
122	38160
134	504
126	6120
132	1632
128	12288
128	29248
132	2640
136	1312
136	84
130	6762
126	9324
132	30016
130	2176
132	6872
136	1920
126	20448
130	10908
138	240
130	5174
136	48
138	204
128	4320
136	32
136	24
134	170
130	500
130	48
134	528
128	1680
122	2619738
140	32
134	184
130	48
128	4776
132	3120
128	20
128	3930
132	1542
128	5632
132	640
128	12960
130	4248
134	224
124	3336
116	52104376
126	592
130	10248
136	8
122	988416
124	28744
136	144
128	1720
130	19696
126	68832
134	96
130	1176
134	136
130	496
126	81354
134	80
130	15120
134	10416
132	3904
124	436362
120	553128
124	58576
134	596
134	400
134	8280
130	3432
130	4352
132	96
128	11208
126	1384
124	8160
138	16
128	31456
130	5168
130	10704
132	126
134	80
124	2368
130	330
128	1968
126	27544
130	5760
126	80940
128	64608
128	3040
128	5712
132	2016
124	54522
132	1656
138	1530
138	654
132	576
122	323400
130	23360
130	22464
134	112
126	8256
132	378
132	576
136	112
130	9564
126	29148
130	6432
126	220
132	888
132	450
136	1296
132	2520
128	4928
126	1408
136	112
126	31540
140	196
130	540
134	48
132	664
132	4320
132	1064
130	2870
128	4104
132	7392
128	680
132	7056
138	2800
126	10074
136	1056
128	7104
136	1144
128	2178
136	12
126	1584
132	1200
124	31800
132	20
126	2912
132	6776
136	720
134	780
126	2448
136	1536
138	220
130	760
128	61200
126	88560
136	312
132	336
132	9136
134	288
128	2096
138	16
128	1404
122	10944
124	9216
130	1248
126	8148
130	10808
132	240
130	5208
126	15040
130	46454
126	3640
134	140
132	520
132	624
136	144
132	768
128	2928
134	1296
126	4896
134	672
132	2512
138	96
134	304
126	9028
128	41496
120	70848
130	1632
134	3324
132	326
130	7192
130	512
128	768
130	2880
130	4752
132	7936
134	104
128	160
134	3600
132	64848
126	3040
130	2080
128	3840
134	592
120	96660
136	48
126	29904
132	5568
134	1408
134	1152
126	384
128	1622
134	5104
124	27120
126	6984
128	3672
132	336
126	2400
136	34
128	2700
126	992
130	2176
132	2952
130	7248
136	172
132	216
126	1120
130	3280
130	7920
132	14340
130	3044
130	1240
132	432
132	96
126	103860
136	8
126	29904
130	9720
130	14868
134	72
132	7956
122	14272
134	2000
130	664
140	78
128	54192
138	160
124	20648
132	9944
122	84936
128	168
132	468
134	144
134	432
132	3912
132	3696
122	2346144
130	720
136	44
134	11424
136	960
118	12121656
130	48
130	2184
128	10488
130	3192
124	271992
118	1036720
136	2640
122	16632
130	11720
126	2016
134	3472
132	336
128	1008
134	384
140	64
134	176
130	660
124	80780
136	332
140	52
126	4396
138	12
130	7020
134	256
136	72
136	128
132	2688
134	4480
136	528
128	34944
134	576
132	4608
120	1072584
126	36408
130	240
130	28848
124	1594800
130	16
146	192
134	1764
132	6550
130	3000
134	224
138	1200
124	17368
132	960
132	288
126	2208
128	120
128	360
126	11480
130	26896
140	72
136	48
120	1462156
126	2646
132	132
124	77636
126	5040
130	448
128	28800
130	528
128	160
132	48072
136	324
132	384
126	272
136	2112
134	94
132	6240
130	92064
130	432
126	15896
130	960
126	490472
120	107117100
132	1920
124	608360
134	76
134	1248
132	888
134	176
130	912
124	163830
134	16
136	1368
128	480
120	124584
138	150
132	2112
128	192
132	17880
124	158688
126	72
128	70028
120	42552
128	4260
130	5448
134	32
126	29100
128	9878
128	23700
118	2499390
136	252
132	1232
126	119048
128	400
128	15040
134	252
136	588
134	60
130	648
134	1568
126	8680
136	36
132	360
132	144
136	4794
134	288
138	2960
130	39036
128	17584
128	2376
124	5616
134	360
132	1640
130	25092
126	8068
136	400
126	14012
130	1628
130	2016
130	2720
130	1240
136	784
128	4860
146	44
126	13440
136	140
132	520
134	752
124	52192
134	1008
130	19680
132	576
128	768
128	22512
132	856
136	2052
128	12000
130	512
126	1638
130	458
142	72
130	48
130	30816
128	26100
136	16
130	17712
128	2192
122	8256
136	80
134	108
134	360
128	26980
134	4740
128	1188
136	300
130	1280
138	80
134	60
124	175306
130	4752
128	438
130	8056
122	40660
130	48
136	1216
136	15792
130	72
132	48
132	52
130	6300
128	1764
128	24
128	4288
134	816
128	668
136	936
138	2640
134	10368
128	10
138	432
126	1616
126	432
126	19968
138	12
136	432
136	360
124	778
134	5166
132	2688
136	768
128	2092
132	616
138	460
134	288
138	6
132	2240
132	1070
128	2064
136	680
128	9792
130	840
132	12864
128	2146
128	808
132	672
122	936136
132	1260
126	70596
130	1730
130	8640
142	16
132	230
132	480
128	9152
128	2508
128	5518
138	288
138	12
130	2496
132	60
124	102256
132	12760
130	256
136	114
130	32
130	4672
128	3504
134	388
132	530
126	144
134	1728
126	11736
134	368
132	1260
128	1248
132	4608
130	1112
128	3078
124	920
136	120
130	720
128	1200
130	7392
122	155520
128	8424
134	756
130	672
130	16768
128	1064
130	16
134	504
122	113896
130	1104
128	1504
132	264
130	720
134	192
140	216
136	48
132	6960
126	160
128	896
134	90
126	109872
128	4746
124	992
132	2304
136	990
130	328
128	18
130	1568
126	223816
128	6568
130	1704
136	480
128	4258
128	8448
128	96828
136	24
136	816
128	5472
126	42688
130	576
126	15288
128	5250
126	21800
134	3136
132	90
134	896
132	850
128	140
124	30648
130	20944
132	48
138	1200
132	1848
130	2412
136	192
134	4752
136	108
128	7600
130	1280
134	5856
124	426624
126	9984
126	4464
132	120
122	212064
132	1728
132	5760
136	1344
132	216
134	144
130	4344
130	1164
126	9392
132	10304
130	258
134	6804
134	2700
130	3084
130	160
128	560
138	54
134	72
132	16256
124	2656
132	5304
136	120
132	784
130	1632
132	5312
132	2240
122	13960
132	40
132	8168
134	1248
134	384
128	270
128	7950
134	128
132	3120
136	1216
136	1440
132	60
130	9984
134	196
132	416
134	112
130	5152
128	1932
134	38340
134	1830
130	112
128	80
132	104
126	153000
122	53808
130	6000
128	240
140	204
136	2268
130	24
126	72690
126	189974
128	11916
140	144
132	2688
120	680400
134	192
128	648
132	134730
126	15432
134	1080
130	356
130	4788
134	24
128	668
136	32
128	71380
132	1824
126	304
134	156
130	1120
136	288
144	72
132	2496
132	112
136	1400
132	96
128	4320
134	5088
138	480
136	64
122	12172
130	8644
124	33228
134	3816
132	2728
126	4928
136	208
130	18432
132	432
122	108288
136	52
126	18144
128	8112
130	144
136	112
126	8548
126	58760
130	5256
130	109648
128	28974
