0.866147
0.158813
0.919282
0.822077
0.52995
0.623205
0.979275
0.541581
0.630296
0.980587
0.8941
0.955909
0.419651
0.969824
0.356653
0.844604
0.961469
0.566106
0.437013
0.879643
0.916662
0.966329
0.92481
0.866602
0.952553
0.918923
0.372752
0.928687
0.02579
0.927389
0.952324
0.955832
0.913179
0.980903
0.527069
0.686363
0.929751
0.923588
0.892754
0.925022
0.979038
0.543184
0.977185
0.954825
0.989599
0.34326
0.824017
0.957078
0.025739
0.712808
0.375342
0.45111
0.958982
0.135518
0.665656
0.927274
0.557703
0.084076
0.975948
0.642452
0.829737
0.89146
0.734163
0.003257
0.672732
0.083844
0.732696
0.122653
0.815584
0.924321
0.76437
0.387236
0.953268
0.015506
0.568483
0.140708
0.758672
0.013426
0.002339
0.927239
0.953038
0.8466
0.162415
0.045785
0.987913
0.845429
0.90353
0.978603
0.972055
0.995111
0.15043
0.980117
0.942498
0.261951
0.035852
0.001749
0.613474
0.980006
0.907056
0.440821
0.97174
0.821327
0.971046
0.646026
0.937521
0.980808
0.961946
0.729904
0.915359
0.627254
0.977902
0.270539
0.883775
0.834563
0.685149
0.305724
0.088125
0.376462
0.011417
0.585032
0.522705
0.989702
0.745987
0.97033
0.945636
0.866962
0.62778
0.910908
0.882747
0.990134
0.796881
0.316055
0.024343
0.089657
0.906941
0.953231
0.880898
0.017157
0.442865
0.944364
0.009247
0.960572
0.748005
0.972632
0.728878
0.984711
0.17558
0.155025
0.198378
0.015363
0.222621
0.954874
0.706048
0.950874
0.125051
0.508539
0.506608
0.213466
0.957336
0.928654
0.959289
0.953436
0.909426
0.959275
0.375996
0.952033
0.89742
0.903959
0.868426
0.714731
0.712781
0.853626
0.949575
0.980041
0.990211
0.466867
0.775973
0.910506
0.978321
0.877304
0.978395
0.950257
0.93482
0.959781
0.861396
0.592229
0.99022
0.636698
0.949803
0.906113
0.895955
0.953084
0.768521
0.564841
0.10356
0.04715
0.506793
0.777072
0.844137
0.858316
0.506819
0.413793
0.176396
0.009441
0.970843
0.088693
0.071158
0.00014
0.006166
0.966512
0.374769
0.974066
0.816324
0.677317
0.019413
0.318822
0.628992
0.766057
0.0102
0.387588
0.170768
0.881954
0.008074
0.881975
0.901058
0.74727
0.521821
0.721341
0.946922
0.935153
0.933804
0.689939
0.65527
0.834066
0.933179
0.083608
0.084531
0.941616
0.385425
0.71088
0.94999
0.648207
0.228942
0.624324
0.978021
0.69746
0.91457
0.26479
0.098594
0.482379
0.964147
0.942481
0.971525
0.954089
0.665857
0.905576
0.153823
0.912113
0.731577
0.947153
0.544831
0.819503
0.947535
0.597946
0.807482
0.893221
0.07039
0.769891
0.870492
0.691319
0.614476
0.969903
0.959443
0.489044
0.982922
0.911399
0.576355
0.773719
0.811155
0.912883
0.440083
0.927952
0.913242
0.231628
0.000804
0.989241
0.974071
0.615233
0.756695
0.814592
0.295156
0.695953
0.884012
0.015363
0.776838
0.885586
0.943424
0.917841
0.123094
0.715992
0.85953
0.911189
0.854391
0.001304
0.765434
0.007471
0.010893
0.831759
0.979543
0.870934
0.179498
0.878283
0.236542
0.242141
1.0
0.3745
0.970867
0.166604
0.978495
0.574005
0.710999
0.023405
0.724691
0.720257
0.764716
0.025121
0.929369
0.928097
0.008063
0.83915
0.416531
0.694794
0.861063
0.869893
0.884293
0.336603
0.937575
0.977138
0.022587
0.073605
0.47852
0.948871
0.917854
0.96976
0.270612
0.931366
0.767866
0.521186
0.928373
0.742082
0.487726
0.992428
0.59455
0.270532
0.015621
0.826657
0.90669
0.85678
0.325878
0.615742
0.766301
0.313096
0.716759
0.148673
0.583631
0.952911
0.481428
0.835065
0.381342
0.953788
0.975356
0.193851
0.982005
0.970491
0.90717
0.950115
0.942201
0.914035
0.64695
0.918464
0.667127
0.911321
0.902023
0.830736
0.867993
0.952536
0.95657
0.937676
0.638539
0.304337
0.469211
0.986979
0.887275
0.844391
0.08192
0.88774
0.976841
0.739359
0.36535
0.629849
0.018502
0.71193
0.711984
0.002188
0.965895
0.1056
0.662285
0.439804
0.977284
0.840367
0.835355
0.961544
0.947466
0.662164
0.016113
0.480575
0.42072
7.0e-5
0.945554
0.821556
0.932688
0.678327
0.686188
0.986401
0.771507
0.287812
0.979927
0.000281
0.879521
0.990631
0.928291
0.895828
0.90326
0.017707
0.825176
0.658456
0.050081
0.939953
0.260838
0.43603
0.977212
0.769676
0.444649
0.844517
0.888214
0.41438
0.627239
0.960841
0.956763
0.647551
0.068241
0.971349
0.22255
0.282556
0.991549
0.766756
0.936489
0.879922
0.159013
0.088043
0.484713
0.945734
0.864216
0.771891
0.277992
0.404249
0.957776
0.977848
0.967704
0.891076
0.613875
0.987651
0.925919
0.9476
0.688789
0.963289
0.975901
0.145097
0.355161
0.918186
0.353416
0.559343
0.571891
0.971814
0.095738
0.978142
0.97322
0.940643
0.840757
0.95967
0.913783
0.045727
0.991644
0.948949
0.409085
0.624978
0.952802
0.891569
0.083531
0.888061
0.977335
0.895041
0.480666
0.937429
0.235862
0.593237
0.927385
0.809489
0.951593
0.678307
0.98277
0.123681
0.615558
0.209431
0.476997
0.030749
0.315583
0.713743
0.91139
0.089476
0.403017
0.962116
0.209946
0.972898
0.970097
0.22244
0.960666
0.663568
0.970768
0.710912
0.938913
0.098374
0.859358
0.981811
0.679033
0.9571
0.717808
0.95705
0.991284
0.976613
0.505706
0.461494
0.908768
0.987513
0.965625
0.831917
0.508854
0.430873
0.958699
0.400606
0.987013
0.130197
0.609771
0.440381
0.481619
0.476556
0.958362
0.044789
0.984127
0.065252
0.023148
0.153199
0.950428
0.958979
0.215673
0.223039
0.95683
0.013421
0.414568
0.062149
0.862471
0.968517
0.868628
0.013852
0.872009
0.096057
0.179292
0.235442
0.965365
0.981766
0.93739
0.020938
0.891193
0.918818
0.963705
0.973124
0.77346
0.967223
0.925676
0.083487
0.156841
0.961557
0.974191
0.975688
0.140939
0.767702
0.569582
0.857453
0.927463
0.809416
0.875582
0.952416
0.008872
0.933914
0.96486
0.871777
0.941819
0.406984
0.639655
0.965766
0.965411
0.017908
0.296872
0.91934
0.992201
0.014227
0.922432
0.7844
0.121505
0.441249
0.739364
0.612419
0.499522
0.890704
0.90119
0.900452
0.054709
0.385567
0.643884
0.893126
0.886786
0.34947
0.93096
0.024398
0.974571
0.316657
0.062416
0.788106
0.778818
0.322275
0.197433
0.963368
0.650427
0.907181
0.966549
0.974029
0.731431
0.588475
0.970459
0.085289
0.804686
0.783247
0.762981
0.904454
0.986662
0.043235
0.944071
0.81013
0.140028
0.753285
0.000549
0.551332
0.529122
0.770668
0.961185
0.758072
0.903243
0.933554
0.941852
0.98016
0.960751
0.977797
0.904649
0.356446
0.921241
0.784568
0.422587
0.915591
0.800615
0.367915
0.952799
0.908498
0.816472
0.91967
0.083159
0.890236
0.593225
0.862772
0.760782
0.807714
0.831633
0.956916
0.920886
0.970704
0.833365
0.739154
0.964647
0.971462
0.017379
0.914639
0.980179
0.968514
0.767641
0.215938
0.981853
0.811171
0.829913
0.882514
0.882186
0.924914
0.971889
0.898857
0.136329
0.242046
0.233823
0.878954
0.934854
0.879211
0.975817
0.681808
0.190115
0.964453
0.987655
0.007707
0.98177
0.550503
0.765466
0.984217
0.879711
0.977583
0.673534
0.527181
0.977374
0.701915
0.940768
0.311208
0.026206
0.282825
0.284861
0.78281
0.676881
0.684443
0.033399
0.993024
0.782755
0.946182
0.885306
0.782067
0.436065
0.757464
0.956846
0.594364
0.870492
0.973197
0.177281
0.589624
0.802885
0.928663
0.535196
0.715405
0.667875
0.624762
0.933298
0.211063
0.801749
0.854331
0.874527
0.766264
0.544128
0.944479
0.043111
0.878717
0.967907
0.958242
0.394583
0.642349
0.858116
0.938245
0.084058
0.651643
0.476062
0.331797
0.562198
0.345209
0.17023
0.740993
0.855058
0.185084
0.972714
0.98221
0.921605
0.122646
0.277803
0.909209
0.970682
0.611868
0.672217
0.88957
0.530186
0.344885
0.004837
0.017743
0.782314
0.395727
0.970868
0.801102
0.778023
0.970295
0.023125
0.869759
0.888372
0.930563
0.973579
0.895764
0.685869
0.739806
0.53848
0.8983
0.920615
0.445839
0.988504
0.03212
0.839242
0.853886
0.018443
0.001435
0.202373
0.001487
0.952665
0.936148
0.802099
0.967096
0.69695
0.8198
0.381058
0.912014
0.959893
0.947619
0.911555
0.979933
0.001163
0.842378
0.895105
0.938044
0.097848
0.858099
0.97532
0.994275
0.234343
0.88985
0.884776
0.099224
0.921464
0.51072
0.899963
0.91868
0.530151
0.675625
0.714166
0.847283
0.835359
0.878985
0.974869
0.646176
0.349662
0.81912
0.658827
0.505368
0.854705
0.949485
0.149362
0.608057
0.593208
0.992915
0.826027
0.867314
0.011476
0.973969
0.966363
0.960558
0.283992
0.888379
0.986649
0.888955
0.139965
0.988699
0.85947
0.749099
0.915408
0.886157
0.028512
0.620692
0.677946
0.671635
0.947496
0.131162
0.980837
0.906289
0.041076
0.979261
0.408122
0.97574
0.970807
0.787678
0.989054
0.399276
0.907524
0.499589
0.560934
0.000683
0.699674
0.901581
0.810585
0.895397
0.063437
0.575719
0.957038
0.021445
0.956497
0.908494
0.293434
0.930568
0.666433
0.27038
0.78268
0.979643
0.876595
0.820893
0.763262
0.058742
0.977892
0.000501
0.098729
0.730922
0.968336
0.743169
0.881834
0.801157
0.869865
0.951262
0.881591
0.917379
0.034697
0.968629
0.811546
0.973024
0.918517
0.987763
0.323676
0.082591
0.95785
0.968404
1.0
0.860074
0.936668
0.9046
0.939864
0.738135
0.414166
0.959059
0.981621
0.952824
0.982829
0.79367
0.700217
0.639798
0.753126
0.48303
0.934055
0.476016
0.181129
0.551567
0.923101
0.923954
0.977033
0.801016
0.871467
0.941321
0.79523
0.748821
0.536545
0.801273
0.942791
0.645327
0.215643
0.71167
0.401818
0.909953
0.692306
0.292171
0.698413
0.974074
0.594562
0.984935
0.537179
0.764582
0.897047
0.063804
0.79945
0.94864
